2 1
1 0
1 2 1
2 1
0 1
1 2 1
2 2
0 0
1 2 1
2 1 1
2 2
1 1
1 2 1
2 1 1
3 3
1 1 1
1 2 1
2 3 2
3 1 3
3 3
1 1 1
1 2 2
2 3 2
3 1 2
4 4
1 1 0 0
1 2 1
2 1 2
1 3 1
1 4 1
4 12
0 0 0 0
1 2 1
1 3 1
1 4 1
2 3 1
2 4 1
3 4 1
2 1 1
3 1 1
4 1 1
3 2 1
4 2 1
4 3 1
4 12
1 0 0 0
1 2 1
1 3 1
1 4 1
2 3 1
2 4 1
3 4 1
2 1 1
3 1 1
4 1 1
3 2 1
4 2 1
4 3 1
9 20
5 5 5 5 0 0 0 0 0
1 5 1
2 5 1
3 5 1
4 5 1
1 6 1
2 6 1
3 6 1
4 6 1
1 7 1
2 7 1
3 7 1
4 7 1
1 8 1
2 8 1
3 8 1
4 8 1
1 9 1
2 9 1
3 9 1
4 9 1
3 3
5206 4587 5424
1 2 407
2 1 581
3 2 150
3 4
8622 9060 4172
1 2 380
2 3 461
2 1 205
2 1 140
3 5
7119 1349 8423
3 1 425
2 1 616
1 3 510
1 2 511
2 3 981
3 6
9740 9102 8342
2 3 179
3 1 78
2 1 180
1 2 282
2 3 823
1 3 40
3 7
4766 1960 259
2 3 730
3 1 660
1 2 177
2 1 169
1 3 263
1 3 202
2 1 564
3 8
4664 6720 5694
3 1 810
1 3 945
3 2 615
1 3 60
2 1 343
3 2 214
3 1 21
3 1 7
3 9
7064 1328 1872
2 1 686
3 2 806
3 1 943
1 3 195
1 3 952
3 2 249
1 2 548
1 3 178
1 2 362
3 10
7178 825 2307
2 3 150
3 2 812
2 1 201
2 1 758
1 2 669
3 2 622
1 2 453
2 1 201
2 1 206
1 2 280
3 11
1660 1810 7857
1 3 131
1 2 305
3 2 397
1 2 620
2 1 831
2 1 258
2 1 684
3 2 955
2 1 252
2 3 941
2 3 802
3 12
519 4617 6697
3 2 997
3 1 450
3 1 421
1 2 366
2 3 136
3 1 841
3 2 503
1 2 478
3 2 550
2 1 568
3 2 878
2 1 948
3 13
3517 7231 6099
1 2 874
3 2 135
1 3 245
2 3 109
2 3 223
2 1 356
3 2 824
3 2 994
2 1 645
2 3 632
3 2 558
2 3 777
2 3 635
3 14
6143 3324 3573
3 1 464
2 1 637
2 3 910
1 3 605
2 3 365
1 3 118
3 2 393
3 1 582
2 3 756
3 1 816
3 1 690
3 2 150
3 2 657
3 2 772
3 15
9665 2311 4523
3 2 451
2 3 206
2 3 891
2 1 927
1 2 44
1 2 798
3 1 651
1 3 922
1 3 806
2 1 702
1 3 516
1 3 937
2 1 637
2 3 239
2 3 187
3 16
7962 3449 9662
3 2 77
2 3 263
1 2 583
1 2 605
3 1 37
2 3 518
3 1 240
3 1 567
3 1 768
1 3 103
1 2 305
2 3 917
2 3 170
2 3 141
2 3 499
1 2 362
3 17
257 1402 3240
2 1 939
2 1 484
3 1 33
3 1 899
2 3 212
2 3 812
2 1 714
2 3 534
3 2 762
3 2 832
1 2 643
2 3 153
2 3 111
2 1 37
2 1 224
1 2 759
2 3 616
3 18
2826 9537 1473
1 3 316
3 1 853
2 3 430
3 2 376
2 3 660
3 1 760
3 2 336
3 1 488
1 3 255
3 1 28
3 2 197
3 2 816
2 3 675
2 1 829
1 3 761
2 3 113
3 2 8
1 2 838
3 19
6648 8836 208
1 3 815
2 1 66
2 1 117
3 2 744
2 1 932
3 1 64
2 3 20
2 1 996
3 2 500
3 1 768
2 3 69
3 2 772
3 2 807
2 1 518
2 1 880
3 2 329
2 3 518
1 3 203
1 2 340
3 20
7618 9194 6784
1 3 921
2 3 697
3 2 702
2 3 821
2 1 932
3 2 774
1 2 273
2 3 928
2 1 462
2 1 948
2 1 507
3 2 173
2 3 654
2 3 13
2 1 386
2 1 106
2 1 169
3 2 506
1 3 249
2 3 482
4 3
1553 812 7733 4746
3 2 414
1 2 374
1 3 229
4 4
9122 6107 7430 7843
3 4 456
4 2 183
4 1 792
1 2 117
4 5
7083 3984 263 1284
3 2 244
3 1 282
2 4 222
1 4 189
1 3 879
4 6
7566 5789 3019 7541
4 2 682
3 4 36
3 1 595
2 3 934
1 2 245
4 2 641
4 7
3387 1578 9953 8762
3 2 950
2 3 724
4 2 649
1 4 698
1 2 952
3 1 848
4 3 975
4 8
6612 7522 9024 3125
2 4 211
4 3 929
4 1 16
4 2 323
4 2 2
3 1 818
4 1 841
3 4 353
4 9
9299 3368 6395 9839
4 3 875
4 1 553
2 1 149
1 2 942
2 1 405
3 2 18
3 4 633
3 4 192
4 3 76
4 10
7941 6305 34 7687
3 1 907
4 1 487
2 4 499
1 4 793
4 2 162
1 3 352
4 2 756
1 3 750
2 1 657
2 3 399
4 11
6317 3217 4156 7108
4 1 452
1 2 923
1 3 329
4 3 19
2 3 57
1 4 962
4 1 930
2 1 638
2 1 284
3 2 903
4 2 368
4 12
5145 8326 7602 9398
1 4 417
1 4 323
3 2 831
3 2 152
3 2 101
2 4 830
3 1 224
2 1 95
1 3 408
1 2 413
4 1 481
2 4 941
4 13
7721 7945 9591 5233
1 3 214
3 4 447
2 1 574
1 4 339
1 4 600
1 4 636
4 1 221
3 2 509
1 2 292
2 1 20
2 1 305
3 2 608
4 2 498
4 14
4219 3262 3034 4400
1 3 897
2 1 796
4 1 865
2 4 325
4 1 991
2 1 150
1 3 578
3 2 603
4 2 756
1 4 655
1 3 840
2 3 238
3 1 570
1 2 702
4 15
4315 9328 9296 8959
4 2 187
4 2 182
3 4 873
2 3 475
1 4 786
2 1 759
3 4 266
4 1 214
2 1 237
4 2 287
2 3 302
4 1 780
3 2 410
2 4 993
2 4 816
4 16
8157 6769 8203 1590
4 2 390
4 2 418
2 1 599
2 3 581
4 1 730
1 3 750
3 1 252
3 4 253
4 3 523
4 1 695
2 1 257
1 2 449
1 4 677
2 1 205
1 4 851
4 1 864
4 17
6597 147 5194 9806
4 1 870
1 4 418
3 1 311
2 3 248
1 4 192
1 3 1000
4 3 91
4 1 480
1 3 621
2 3 339
2 3 666
2 4 204
3 2 637
4 1 738
2 3 415
4 1 966
4 1 440
4 18
9582 6155 9873 3056
4 3 749
3 2 58
1 4 862
4 1 104
3 4 25
1 2 947
4 2 238
1 2 336
1 4 461
4 2 763
2 4 492
3 2 955
3 1 273
4 1 598
1 3 679
1 4 632
4 1 59
1 4 844
4 19
373 6344 3054 1548
1 2 357
2 3 861
2 4 926
1 2 554
3 2 332
1 4 855
2 4 34
1 4 425
4 3 9
4 3 935
2 3 297
2 4 464
1 4 646
4 1 236
2 4 402
3 4 704
1 4 673
3 4 175
4 3 753
4 20
9802 6016 8641 2522
2 1 255
3 2 250
1 2 839
4 3 582
3 1 695
1 3 313
3 1 901
1 3 894
4 1 995
3 1 446
2 3 580
1 2 143
3 1 661
1 2 397
4 2 313
4 3 27
1 2 658
4 1 620
2 3 693
3 1 140
5 3
2895 1752 8423 419 6967
1 3 827
5 2 624
4 5 462
5 4
9733 4069 8510 3483 3242
3 1 79
2 3 228
4 5 390
1 4 571
5 5
4852 1069 9061 1684 5132
3 2 568
4 5 558
2 3 364
3 5 988
5 3 790
5 6
8287 2798 6698 8802 338
4 3 955
2 1 1
3 4 269
2 1 270
5 1 463
3 1 805
5 7
4350 9993 2901 8571 8295
3 1 151
5 1 658
3 5 330
3 1 410
3 1 856
1 3 45
5 2 969
5 8
669 6945 6517 4204 1038
3 5 334
2 5 678
2 4 386
2 4 130
1 2 341
4 1 388
2 4 178
1 2 765
5 9
4937 1008 7318 734 4555
1 4 717
3 1 916
2 1 64
5 1 910
5 4 780
5 3 557
1 5 284
1 3 441
1 5 240
5 10
9544 9080 4193 3599 6637
2 4 109
1 3 921
2 5 922
3 4 496
1 5 253
3 1 611
4 2 335
1 4 557
4 1 840
2 4 238
5 11
4784 6707 9913 3814 7405
3 1 987
5 4 808
5 1 592
1 4 9
5 3 687
5 4 841
2 4 426
3 1 313
3 1 296
1 4 630
3 1 934
5 12
7461 2455 9808 4894 1144
2 5 51
5 1 269
1 3 397
4 2 380
3 4 19
4 3 552
3 4 675
3 1 463
5 2 800
3 1 384
5 1 212
2 4 44
5 13
4524 7850 5647 5694 2495
2 5 563
1 3 743
2 4 779
3 5 668
3 2 901
5 1 171
3 4 682
4 2 426
4 2 193
1 4 153
2 4 559
2 5 346
5 1 634
5 14
3326 2108 4819 5102 8665
3 2 735
2 5 406
1 5 475
5 1 982
2 1 938
4 3 188
2 4 449
2 1 590
5 4 943
1 2 710
1 3 46
4 5 225
5 1 144
4 5 865
5 15
8899 985 3687 1394 1619
3 1 571
5 1 889
3 4 686
2 1 499
2 1 922
1 2 76
4 3 831
5 2 599
2 1 597
1 4 129
2 3 175
5 2 915
3 2 486
1 5 486
2 1 164
5 16
6717 8789 9501 7609 4682
5 4 883
5 4 924
3 2 657
4 1 577
5 3 449
3 1 371
4 2 576
3 1 616
3 2 263
2 4 505
4 2 322
1 4 402
2 5 561
3 5 771
2 1 716
1 2 181
5 17
3247 6645 9121 3673 9400
2 1 118
4 3 832
1 5 158
4 1 31
4 3 603
5 3 136
2 1 407
5 3 635
5 3 970
5 4 473
5 2 602
3 1 675
4 2 409
1 4 865
1 2 662
2 3 264
5 1 56
5 18
6723 7099 630 1273 5564
2 5 790
5 1 648
3 1 609
5 1 341
3 2 425
3 2 401
1 4 961
2 5 281
3 1 990
1 3 801
3 4 569
5 1 163
1 5 401
4 5 532
1 4 534
2 5 277
3 4 807
5 1 353
5 19
8811 1883 6308 3983 7301
4 5 567
4 5 809
5 1 454
3 2 874
5 2 507
4 5 285
4 2 235
3 1 279
2 1 254
4 1 307
5 4 13
5 1 419
2 4 259
1 2 655
4 1 503
5 4 710
4 5 118
5 1 455
4 3 663
5 20
3463 7224 6232 2290 9817
5 4 346
3 5 495
2 1 950
3 2 943
3 2 88
2 1 694
1 5 651
4 2 732
5 4 215
3 2 968
1 2 593
1 5 775
1 5 689
4 5 898
3 1 185
4 2 1000
2 5 207
5 2 465
3 2 781
1 4 732
6 3
3338 2358 394 6182 8137 3665
3 5 53
1 2 120
1 4 690
6 4
3457 137 9389 703 3685 9777
1 5 136
6 1 892
6 3 225
1 3 33
6 5
2793 5039 1684 3580 5650 9132
5 6 997
3 2 387
1 5 392
1 4 842
6 2 312
6 6
5697 8717 1634 9550 5161 7640
2 1 671
3 2 638
6 2 233
6 3 711
1 6 167
3 1 351
6 7
7446 7849 6513 1139 7809 3231
1 5 816
5 1 131
5 6 66
2 6 678
4 5 853
6 1 615
1 5 882
6 8
8452 921 1306 9993 5189 7752
4 1 170
2 1 620
1 2 288
5 1 12
3 6 566
1 4 919
4 3 290
4 3 111
6 9
1982 2649 1593 1105 4943 2224
4 1 542
4 5 195
5 2 757
6 5 515
3 1 873
1 6 173
6 3 933
4 2 970
3 6 280
6 10
6105 518 2975 4578 9874 4249
3 4 192
6 4 175
1 5 345
6 4 604
6 4 867
5 6 383
3 1 193
6 2 853
3 1 327
1 6 339
6 11
4080 4015 3248 6478 2742 3169
6 5 943
1 2 679
4 5 444
6 5 844
3 5 906
1 2 196
2 6 71
1 5 35
4 1 431
5 4 75
1 5 117
6 12
7805 8733 5478 2452 5632 3187
3 2 327
5 3 485
4 6 164
1 4 54
3 6 84
5 3 456
5 2 343
1 5 995
6 5 660
6 3 488
3 5 475
3 2 997
6 13
6364 9684 7137 2533 5297 723
2 4 107
1 3 879
3 6 975
6 2 166
2 5 277
2 6 303
4 5 591
4 3 875
6 4 170
1 5 450
5 3 468
1 4 911
6 3 798
6 14
1903 9842 6192 5868 4923 4706
4 3 483
4 2 431
2 6 796
3 6 293
3 1 64
3 2 447
2 5 226
3 4 287
5 6 912
3 6 921
1 3 150
3 5 844
5 3 963
3 4 432
6 15
3174 4592 3922 7250 2441 602
3 6 777
2 1 695
1 4 246
2 4 37
3 6 185
6 4 645
2 3 688
1 3 35
5 2 88
1 5 84
1 2 774
1 4 247
2 3 953
4 6 431
4 2 770
6 16
542 4792 7238 2542 5175 1629
4 2 915
3 4 390
1 2 552
3 2 298
6 2 75
3 5 364
5 6 246
5 6 664
2 6 728
3 5 715
4 5 641
6 2 466
6 4 719
4 6 967
1 5 777
2 4 871
6 17
8187 5506 9968 4016 8655 8399
6 2 471
4 5 319
6 1 199
1 6 21
6 2 537
2 4 815
2 3 949
6 3 54
4 6 457
1 2 752
2 1 665
5 3 764
5 1 500
1 5 620
5 3 705
3 5 5
1 4 270
6 18
1720 6987 7707 3674 5023 3616
3 5 813
2 1 73
2 4 151
1 5 261
3 5 401
4 5 95
3 5 921
2 6 839
3 2 41
3 2 243
5 6 411
1 6 285
6 5 603
4 1 342
5 6 21
2 4 308
6 2 476
3 5 445
6 19
2887 7218 9301 5256 8805 6530
4 5 973
6 3 808
5 1 12
4 1 975
2 1 957
2 1 912
1 4 285
1 6 54
2 3 888
5 4 930
3 2 249
3 4 979
5 4 628
6 1 120
3 4 963
1 6 380
5 3 886
6 4 692
6 5 617
6 20
4043 6418 728 4098 7801 8097
5 6 749
1 5 650
2 4 989
4 2 109
2 4 493
2 6 236
4 1 840
4 3 927
2 3 499
5 1 427
3 4 336
3 5 43
1 3 409
1 6 134
6 2 373
6 3 205
5 4 530
1 4 943
1 4 518
3 4 389
7 3
9082 6083 5795 4362 9704 3509 2014
6 5 578
7 4 750
6 4 95
7 4
4288 5262 6261 6181 7779 6928 8577
2 1 746
5 7 944
4 6 389
1 5 129
7 5
3743 6616 9548 6251 158 7450 2115
4 5 720
7 3 119
5 3 463
7 1 690
7 5 194
7 6
5010 5480 9531 9117 8522 4658 9309
6 3 728
3 5 775
2 3 821
3 4 131
4 1 263
4 7 254
7 7
7547 1709 641 4682 5146 7701 6605
4 7 389
2 3 470
2 1 796
2 4 383
1 7 888
4 1 124
7 1 114
7 8
108 6764 5935 6164 4612 9777 1277
7 3 965
5 2 615
5 1 678
2 6 254
1 2 680
5 3 622
6 4 571
6 4 119
7 9
7034 6018 5153 3686 4958 1940 6424
5 4 719
7 1 358
1 3 253
2 7 134
7 4 377
7 5 691
4 3 833
7 4 69
3 2 745
7 10
8007 2002 2740 7665 7068 1009 3038
6 1 622
3 1 10
6 4 522
6 4 230
4 7 506
5 7 387
4 5 443
5 1 144
7 5 611
6 1 888
7 11
5164 8091 9406 645 5855 5582 3809
6 1 429
2 4 824
3 6 230
2 5 179
7 2 10
5 2 278
4 3 188
7 6 568
5 4 345
6 7 301
1 5 536
7 12
2001 5881 2142 5968 8135 4137 9142
7 5 827
5 2 827
1 5 323
7 6 475
4 6 988
2 1 815
4 6 360
1 2 233
4 5 461
5 4 586
7 5 789
2 5 104
7 13
2887 9901 9634 2016 1062 1847 317
4 3 264
7 1 359
2 7 960
4 2 808
5 1 378
7 1 664
2 1 842
6 2 396
2 3 22
3 5 290
1 6 152
2 7 265
4 2 89
7 14
2150 7723 6782 2928 4377 6171 1036
6 7 94
4 1 347
4 1 156
2 1 541
4 2 255
7 5 25
3 4 772
1 4 994
5 1 644
3 7 756
3 6 343
6 1 274
5 2 322
4 2 129
7 15
9766 543 991 6526 1473 3991 8355
1 7 78
4 5 494
3 4 242
7 4 293
4 2 586
2 3 645
1 3 916
5 4 76
4 2 420
3 7 811
1 6 868
1 7 945
4 6 618
7 3 725
5 2 858
7 16
5624 941 3127 5907 6029 2320 210
2 3 176
4 7 931
5 2 403
2 3 825
4 1 965
5 4 466
3 5 116
3 4 480
1 6 238
3 4 747
5 1 701
1 5 599
7 2 198
5 6 808
7 2 653
2 1 870
7 17
6626 7163 207 3259 8252 4607 6500
2 6 478
5 6 749
1 7 31
6 5 706
1 4 560
6 5 514
6 3 223
1 6 817
4 5 366
6 3 399
4 5 253
1 2 658
6 3 716
5 2 378
7 5 859
4 3 427
6 5 864
7 18
6591 2813 7043 6204 4861 487 6909
7 5 682
2 1 245
3 4 370
5 6 882
6 7 14
3 1 456
5 4 100
5 4 893
3 2 793
2 3 367
5 2 773
4 2 181
4 7 154
5 1 227
3 7 334
7 6 917
7 3 612
5 6 89
7 19
5215 595 6119 9479 1213 1193 541
1 7 698
7 2 271
2 4 150
7 2 725
4 3 77
2 5 48
7 3 680
1 4 120
4 6 103
7 2 955
4 7 249
2 4 915
3 7 383
4 5 644
6 3 833
7 2 730
6 4 336
2 7 457
3 4 137
7 20
2100 3283 3800 4229 9705 4332 4128
5 6 583
1 2 140
5 4 403
5 3 697
6 4 551
1 2 185
2 3 857
2 1 11
2 3 761
3 1 825
1 3 173
3 1 718
4 3 969
3 2 34
2 4 589
4 6 53
5 1 110
5 3 187
6 4 83
4 2 423
8 3
2739 5024 7069 1440 1797 1134 8694 6355
6 7 816
6 8 765
2 1 835
8 4
2533 2350 7998 4732 7299 6924 8549 5974
3 4 538
2 3 810
7 5 500
4 7 23
8 5
857 2033 3075 2632 4959 6753 1970 4795
7 1 891
8 7 427
4 2 558
3 8 797
3 4 281
8 6
6053 7707 997 5681 9958 3756 2409 1974
5 8 867
2 3 370
7 3 847
4 5 226
3 7 291
7 4 625
8 7
8410 1269 4642 608 7348 4848 7284 8604
7 3 631
4 6 155
4 2 993
1 6 429
2 8 304
7 4 4
4 2 354
8 8
2849 109 16 6911 8961 5292 5663 5704
1 4 187
2 8 21
6 4 484
7 8 168
6 3 493
8 6 136
3 2 24
1 3 414
8 9
4657 3537 3640 6088 7518 7040 8802 1431
4 3 649
1 8 63
7 1 644
2 4 771
4 8 506
1 7 568
5 4 419
6 5 925
8 2 291
8 10
1502 5361 4339 1771 7633 4482 6114 504
5 3 219
7 1 239
2 1 20
5 4 793
3 7 536
8 6 89
3 2 467
5 6 575
1 7 45
2 8 241
8 11
1289 6196 2310 7778 8981 6800 3613 7625
3 5 506
5 2 875
1 5 10
8 2 372
6 4 924
5 3 521
4 8 116
5 2 576
5 1 738
4 1 277
8 6 992
8 12
2101 5903 3116 7954 2682 8973 1828 2262
3 2 502
3 6 708
3 8 518
3 7 421
5 3 641
4 2 239
3 6 828
5 4 774
8 4 323
5 8 890
1 2 794
7 8 499
8 13
4481 4130 9401 4375 9157 5166 3573 8160
7 1 429
7 4 445
8 7 212
2 1 200
2 3 666
8 1 250
6 2 347
1 3 829
8 2 973
6 5 702
4 5 16
4 3 944
7 6 869
8 14
9770 365 3138 4562 9947 159 8766 7421
2 7 536
2 7 385
8 7 690
6 5 813
1 8 673
5 1 442
6 3 577
3 2 479
4 6 357
6 5 65
4 5 569
1 3 286
6 3 386
8 4 261
8 15
4947 608 3758 4111 367 567 8475 2993
8 1 220
1 7 150
4 7 365
3 4 830
5 6 506
8 3 140
3 1 896
3 8 850
2 3 950
3 5 573
5 3 844
6 5 896
1 5 971
5 4 725
4 3 914
8 16
4887 970 2444 3298 2318 835 6585 10000
8 2 50
4 6 235
3 5 100
1 5 334
6 1 860
7 4 697
1 8 266
3 8 288
6 4 870
8 7 568
4 2 837
6 8 887
8 2 325
8 2 272
5 7 332
6 1 278
8 17
5940 8526 1569 5740 6713 7093 4850 2924
8 6 388
5 2 576
4 3 496
3 4 593
4 8 249
2 4 350
3 2 832
7 1 631
8 2 783
8 5 437
4 1 981
6 3 7
1 2 921
3 4 917
2 6 200
2 7 667
2 6 45
8 18
973 6452 7783 235 5924 1895 8218 3935
1 2 322
8 7 971
8 3 381
1 2 561
3 1 857
6 4 673
2 3 540
7 5 117
7 6 883
5 4 128
4 3 403
3 8 795
2 7 751
8 4 598
4 7 40
6 5 417
6 2 43
6 8 23
8 19
7289 1466 2564 9719 2017 8844 808 3787
5 6 992
5 4 420
7 5 784
5 6 848
7 2 118
4 8 201
6 4 118
7 1 675
4 5 232
5 4 550
7 8 371
2 8 154
4 2 227
1 8 689
1 4 864
1 7 744
3 1 664
6 7 364
3 8 60
8 20
7292 5298 8928 1643 5084 5029 3837 1027
7 8 502
4 7 631
1 6 870
7 2 432
8 5 643
6 8 824
5 2 868
2 8 744
8 4 793
2 1 942
7 5 118
2 6 228
5 3 960
8 2 413
1 5 915
4 8 41
5 4 336
8 7 17
5 8 487
3 4 945
9 3
4969 715 4469 4477 7851 7087 4292 893 1147
7 1 346
1 4 712
1 9 219
9 4
6746 9672 7081 9272 5605 9188 843 6568 9583
7 9 94
3 5 566
9 6 138
5 7 326
9 5
2099 9855 4119 2205 7576 3722 4725 4569 6498
7 5 141
9 6 503
4 6 482
1 3 719
7 3 711
9 6
7692 409 6448 6490 2105 2209 5095 2367 2658
8 4 147
9 1 368
4 6 877
7 9 68
9 8 391
8 4 798
9 7
3023 2057 4441 2084 7820 2563 9941 7398 8498
3 7 888
1 4 209
1 6 945
9 3 401
7 4 242
2 3 6
9 3 765
9 8
756 4806 3424 7456 4787 5162 6478 1132 376
7 8 311
4 2 24
6 7 220
6 8 290
8 2 274
3 7 523
5 4 364
4 8 666
9 9
5750 8131 2877 8490 2886 2175 1594 2186 6893
2 1 616
1 5 125
2 8 485
3 9 261
6 3 444
2 3 39
7 9 263
6 8 905
8 7 53
9 10
6139 984 722 4583 6048 5059 6966 5126 5317
1 8 992
5 8 32
4 9 427
9 7 990
6 8 197
4 5 733
7 3 825
7 2 897
5 8 487
3 1 335
9 11
8507 6400 3404 5169 7982 5337 2491 8877 8034
7 3 873
3 6 802
6 3 191
2 5 602
2 4 337
9 2 544
6 2 419
7 6 835
9 8 871
5 6 794
1 9 376
9 12
1864 9514 1540 9334 2448 4744 1665 4378 3308
9 3 426
6 1 101
6 7 82
4 3 828
9 7 964
4 9 455
8 5 782
9 3 754
2 3 322
1 9 499
9 3 129
3 7 874
9 13
9096 7911 4648 975 97 1133 5667 1968 2755
2 6 777
5 9 330
3 7 810
8 4 800
2 1 420
1 6 838
1 3 286
3 4 135
5 1 920
6 3 186
1 3 167
4 3 862
3 4 376
9 14
9757 752 9319 5641 9104 4494 4310 9016 4062
9 3 219
9 3 221
4 6 358
1 9 961
2 7 461
5 7 339
6 2 931
4 9 31
1 7 836
5 1 648
2 7 641
4 2 704
7 1 470
5 6 883
9 15
7388 8584 4783 558 6004 2933 9907 5793 9
2 7 84
9 4 73
6 7 687
3 1 879
1 4 981
1 8 715
9 7 440
6 3 366
6 5 739
5 4 748
3 1 248
7 4 543
1 5 759
3 7 140
3 5 910
9 16
7953 2639 2756 1257 4414 6895 1764 301 235
1 2 358
8 2 147
7 5 116
2 5 866
9 6 469
4 1 575
4 6 218
5 2 878
4 7 364
1 5 40
8 5 98
3 1 660
7 4 364
7 9 815
3 7 72
6 7 933
9 17
2522 5827 9529 7579 1791 6421 4666 8858 640
7 3 729
5 8 923
1 3 47
1 5 643
4 5 694
3 8 522
7 3 420
7 9 255
7 9 361
9 4 483
9 1 266
5 6 559
4 5 719
9 5 777
3 1 975
9 7 976
9 3 960
9 18
6857 8618 5622 1120 6998 6767 1986 9575 3432
1 2 700
8 1 474
4 6 35
6 1 245
4 9 218
6 9 675
4 2 776
3 6 254
6 1 98
7 4 105
6 9 776
1 9 728
5 3 237
8 9 478
6 4 294
7 8 617
1 9 29
6 5 297
9 19
3145 1324 1267 3436 7944 8889 3190 2804 5604
6 1 715
4 5 274
6 1 819
2 9 416
5 1 758
6 3 582
3 4 986
9 7 505
3 4 553
5 8 560
9 4 336
1 9 910
8 3 844
1 7 565
2 6 44
7 9 815
6 7 896
6 8 911
7 2 173
9 20
3985 2371 7610 5892 3601 2162 4207 1714 1372
5 2 618
3 6 36
7 9 672
2 1 131
2 5 693
7 6 250
8 5 777
9 3 996
8 2 897
9 2 241
1 4 301
6 5 956
4 2 626
9 5 38
4 7 699
7 8 820
1 9 545
7 6 113
7 9 57
7 2 337
10 3
5159 1340 6044 580 5049 7938 8216 451 7902 8513
2 10 46
8 3 322
5 2 737
10 4
1132 8975 2477 4737 4410 9435 3569 1547 37 8650
4 6 911
7 1 418
6 3 794
2 1 822
10 5
3687 4721 8661 9986 8779 6073 5105 6668 7700 2418
3 1 837
7 8 951
4 8 627
4 1 722
6 7 46
10 6
626 4520 537 1062 7827 6105 129 3190 3422 9254
6 1 951
4 6 839
10 3 447
4 10 169
6 5 536
8 5 916
10 7
7924 6308 7385 645 9109 5226 588 6543 4760 9283
8 2 294
8 2 656
9 1 269
3 9 451
3 5 6
1 5 539
7 3 406
10 8
3066 456 6023 8433 8866 5090 3273 6155 1309 4771
6 7 600
4 7 978
4 9 574
5 1 326
7 2 492
2 5 837
5 9 198
5 1 880
10 9
2569 3469 2449 5675 2931 5298 8076 1448 5982 5950
6 9 146
10 3 522
3 1 397
8 6 27
4 9 885
3 8 283
9 4 364
2 4 722
10 4 345
10 10
2106 1915 732 6672 487 3492 7818 5392 516 2552
1 8 945
7 6 384
8 4 392
9 7 319
9 6 800
8 9 930
1 9 988
1 3 184
3 5 236
5 2 215
10 11
8865 1897 414 2870 2824 745 639 3608 4729 1186
3 8 728
2 5 150
8 9 658
8 10 316
6 2 284
1 7 502
8 3 514
1 3 210
1 9 331
4 9 759
9 5 728
10 12
3872 9034 8572 2466 6392 7425 7004 3405 6503 5688
5 10 695
4 1 302
10 6 207
1 5 644
7 5 633
6 4 235
6 1 869
4 7 512
6 2 871
4 9 43
6 5 133
8 1 615
10 13
7536 7798 9385 407 412 6728 4908 1554 6752 1970
7 9 403
9 7 662
1 8 846
9 2 156
4 3 192
10 3 591
5 2 698
3 5 106
9 6 959
7 4 479
2 9 271
8 1 506
9 7 492
10 14
1501 9658 8994 8070 1481 1562 5123 9485 854 8482
8 10 314
4 5 387
3 7 590
8 9 271
6 10 691
4 3 354
2 5 870
4 8 840
4 7 180
7 10 432
4 2 79
3 8 949
6 2 126
10 8 149
10 15
4117 3269 3551 9077 7444 1800 4285 4161 472 3998
9 1 66
1 7 592
3 10 229
9 3 566
8 1 615
5 3 385
8 9 859
8 6 88
10 8 833
5 6 162
1 6 701
3 6 112
4 3 481
10 7 12
4 8 25
10 16
341 9779 1585 5148 958 6224 3316 3613 5569 7316
6 2 288
8 7 710
2 7 987
3 2 136
4 1 599
10 2 263
8 10 254
10 1 704
5 6 554
3 8 706
3 5 905
8 5 400
4 2 908
1 9 380
6 4 556
9 1 404
10 17
7309 7030 8282 5111 9746 3361 1019 3063 8245 230
9 5 891
8 6 537
7 1 447
2 9 901
10 9 899
7 4 778
5 8 948
1 4 209
3 9 325
10 9 440
2 5 202
2 9 757
5 7 835
2 3 834
7 9 623
2 7 390
3 2 376
10 18
1459 8223 1694 9736 3542 3430 7832 1532 8652 447
4 7 852
6 5 665
5 10 288
4 5 802
10 1 629
10 7 218
2 1 873
5 7 336
2 10 912
1 6 902
7 2 878
6 1 150
5 1 285
5 3 328
7 5 728
10 9 291
1 3 74
3 7 868
10 19
3344 5283 7961 6370 1150 7115 8328 9140 2132 4619
8 5 575
4 8 362
1 5 226
5 10 230
6 3 79
2 4 218
1 3 919
3 4 784
5 4 976
4 1 548
6 1 722
6 4 972
8 4 586
8 4 973
2 6 593
5 1 843
8 6 448
5 8 892
6 8 837
10 20
5414 494 2675 3036 1977 7360 8338 4535 8033 8711
2 9 673
10 1 660
1 5 655
6 3 917
9 2 886
2 10 738
8 6 879
8 1 422
9 1 965
5 8 354
3 2 271
9 6 8
10 7 959
1 8 289
1 10 953
9 4 186
3 5 772
6 2 85
9 10 782
6 4 277
11 3
7491 4108 9825 2446 5299 4713 3797 5266 56 6659 898
3 5 392
9 2 620
10 3 331
11 4
5468 8635 7068 5616 9710 8907 294 5247 2803 5466 1866
4 1 787
7 10 566
5 6 423
11 10 750
11 5
9038 8751 8818 9826 668 7513 909 2497 8072 6479 9060
10 9 729
6 3 941
8 7 178
2 3 607
6 9 730
11 6
5173 1398 9771 7736 861 841 6522 2191 8064 1691 6564
6 2 46
11 2 642
5 4 77
4 9 628
5 3 902
11 10 434
11 7
4515 7504 7774 2656 5390 1438 9444 9056 6702 4651 5735
2 1 600
9 2 769
1 10 502
2 11 914
3 6 377
8 1 465
9 2 292
11 8
1398 235 9536 2055 3889 3068 9086 93 5678 8481 5796
9 4 975
10 9 952
11 3 648
4 10 506
11 10 362
10 4 583
2 5 320
3 7 464
11 9
8358 9809 9994 7146 3125 1643 1334 4369 6923 2988 259
3 11 743
1 10 499
11 9 514
10 6 301
8 4 518
6 2 85
10 5 956
5 4 755
5 4 897
11 10
1007 9346 3259 5844 5217 1869 1118 1383 1808 9747 3870
9 6 451
5 2 52
9 6 86
2 8 275
7 2 59
6 9 6
9 2 429
2 6 191
7 3 769
9 1 972
11 11
5070 7788 2109 4355 8489 4832 8300 1752 2527 967 7066
11 2 805
6 1 148
6 10 237
7 4 822
11 4 178
1 8 215
5 7 152
7 4 812
7 10 508
6 1 821
6 7 23
11 12
6824 3314 859 868 3616 6196 7503 8251 6618 7302 9612
2 6 48
11 2 308
9 11 375
9 3 778
9 3 633
7 3 95
5 6 346
7 3 707
6 5 665
7 3 269
2 5 346
11 5 615
11 13
2205 517 2877 7592 5347 9602 3266 6755 3274 819 9559
9 8 322
8 10 139
5 2 247
10 11 552
6 3 300
10 4 784
11 1 326
3 6 882
11 9 221
10 8 725
3 9 404
8 7 126
10 6 979
11 14
3555 1272 8837 8238 80 4034 7701 5188 4439 4709 1958
4 11 172
5 10 436
10 5 166
8 11 721
7 5 303
6 8 104
7 2 487
7 6 736
9 8 322
3 6 120
4 10 339
8 4 804
7 6 725
8 1 791
11 15
3657 3302 2718 8803 559 2703 9405 3121 5916 2178 9451
9 1 305
10 2 714
2 3 160
6 1 727
3 6 556
6 11 544
5 1 335
10 2 198
9 1 392
7 3 352
9 7 820
7 3 955
1 11 128
10 2 283
9 10 437
11 16
7974 6079 5297 5401 4890 7698 996 7042 41 1775 7900
5 4 852
5 4 224
8 1 774
8 1 56
10 3 738
9 5 540
11 10 20
4 10 574
2 7 896
6 2 146
10 5 934
11 9 468
11 8 496
4 6 370
10 11 598
6 8 33
11 17
2043 3937 2272 3403 6661 2445 129 9195 8758 226 7938
5 10 895
8 2 893
1 11 482
9 6 947
10 7 507
2 7 188
9 8 2
7 5 121
1 3 999
10 9 633
2 1 88
8 3 784
5 9 956
9 5 185
9 6 255
5 2 74
8 4 564
11 18
7314 7432 7032 798 768 3155 3841 1714 7430 8473 299
4 7 197
4 1 59
10 8 132
9 5 491
3 1 718
8 2 487
2 6 266
3 5 178
7 2 895
11 2 827
1 10 464
8 6 401
7 1 392
3 8 710
10 1 500
3 5 844
1 3 294
7 8 817
11 19
7318 5109 8937 2849 5726 8681 8311 309 4173 2763 288
11 3 443
3 6 567
2 9 689
10 4 739
8 6 792
4 5 670
5 4 620
3 2 113
4 10 312
5 6 509
10 11 431
7 5 379
8 9 756
8 6 968
3 6 941
8 5 662
1 3 30
3 10 562
8 4 422
11 20
6747 7683 8485 8091 4562 5922 2344 2678 8556 4912 4434
4 5 34
9 7 26
9 10 152
10 1 56
1 6 546
4 9 326
10 6 89
8 9 262
1 10 345
3 5 917
4 1 237
1 10 221
7 3 732
6 3 781
1 7 839
4 8 806
10 2 718
11 5 814
7 10 287
2 4 82
12 3
9318 5401 5628 5919 1033 3513 126 3630 4586 7371 9957 4704
4 11 948
7 11 708
6 12 935
12 4
7743 5731 9060 4431 7111 9506 4570 7788 7699 7727 8020 762
4 12 582
12 6 568
1 8 55
9 1 337
12 5
7230 6897 4013 2294 1926 8127 9954 2713 3615 598 4138 5559
9 5 654
6 9 926
4 5 46
11 12 280
11 12 146
12 6
5499 4966 1724 1338 5864 4981 6669 1250 5023 4990 1019 4550
4 9 222
9 6 112
3 9 426
6 4 708
2 8 306
6 11 349
12 7
2363 7548 6170 3995 6824 9059 3595 573 647 6990 6372 8089
3 6 614
4 10 142
5 2 903
2 1 421
1 10 102
9 11 652
5 11 917
12 8
5723 8589 4652 6390 8075 3815 5776 5318 3913 8 3666 4997
6 5 755
3 9 790
2 10 971
12 2 756
8 4 262
4 6 561
11 1 474
8 2 370
12 9
9316 5153 7377 5915 8101 4864 6847 7874 566 2794 8210 301
3 9 865
8 5 188
8 11 220
12 10 844
3 7 42
4 3 635
3 9 411
2 12 396
10 2 622
12 10
6372 8423 7058 3198 2569 7496 5973 703 2863 623 4474 4207
8 9 917
10 12 77
2 3 513
10 4 626
4 5 224
5 11 519
6 1 432
12 2 716
4 3 478
5 12 927
12 11
5455 559 8442 3700 7549 5123 6786 8453 137 8652 9079 6275
10 3 78
8 9 267
5 1 871
6 1 391
4 2 51
1 5 835
10 4 753
9 7 824
10 8 652
12 10 857
12 11 756
12 12
3633 328 2268 184 8721 5435 2959 1208 9805 8076 3182 5180
6 7 950
5 11 947
6 5 430
4 5 404
3 7 387
4 10 702
10 8 949
11 1 662
10 4 462
8 3 907
6 3 431
2 6 3
12 13
3378 4514 7556 7214 1205 7796 9584 2856 2177 236 5593 3320
12 11 986
10 12 300
9 1 951
3 2 154
2 12 610
8 3 505
8 1 242
10 5 101
10 12 196
12 6 871
1 2 92
11 8 180
5 11 831
12 14
8627 212 2592 5219 2005 6026 5283 4585 6800 5291 5789 6493
12 9 235
5 6 697
5 6 991
12 11 833
11 4 901
10 1 79
6 3 113
8 7 984
10 9 887
1 3 888
9 8 82
8 4 987
5 6 753
9 2 435
12 15
1780 1722 4335 8606 4484 8695 7033 6692 5353 8791 1892 1087
11 9 918
11 12 633
4 2 555
2 3 199
12 10 708
7 2 224
6 3 578
9 6 969
7 4 117
4 10 684
7 5 967
9 6 78
7 1 927
4 12 530
12 8 1000
12 16
5708 2528 7019 402 8039 3508 7518 4178 1829 6071 8671 8394
5 10 443
8 11 967
2 9 852
8 9 694
11 5 626
2 5 973
11 8 462
8 4 626
1 7 418
4 11 455
10 3 5
8 5 622
3 9 472
2 6 118
12 4 845
3 9 147
12 17
5234 3872 6451 6275 5219 1238 9637 418 1740 3021 9070 2150
8 6 888
1 8 669
5 1 855
6 10 591
11 1 435
6 1 47
6 2 70
6 11 40
9 6 375
7 10 380
2 8 490
6 11 913
1 3 626
4 11 136
4 8 373
10 1 157
10 8 440
12 18
6691 6458 409 5970 869 7276 8661 9472 7808 329 9388 6489
12 8 519
1 2 436
5 2 224
10 5 535
11 4 388
12 10 71
2 4 984
9 12 514
5 9 495
5 11 541
2 3 652
8 4 961
12 6 605
10 5 993
1 2 632
6 10 819
6 3 97
5 1 688
12 19
7273 3858 1515 6493 6881 8768 5313 1363 8768 2618 190 2333
11 5 702
10 3 674
3 4 768
6 2 323
5 9 31
5 12 683
8 4 781
6 4 914
2 6 375
6 4 889
6 12 186
6 1 756
8 2 645
1 3 468
7 10 234
6 10 162
1 9 702
2 9 866
3 10 427
12 20
5598 9775 4897 5139 5247 5369 7158 8820 5756 4087 9099 1316
4 8 499
1 12 282
8 10 120
11 10 65
8 12 345
9 6 861
10 12 28
4 5 644
3 12 743
7 3 875
1 2 465
7 5 456
9 5 567
3 8 902
7 8 72
8 5 873
1 11 972
11 1 967
7 4 936
4 11 721
13 3
545 2684 9098 7612 6954 243 7044 6739 9859 1792 2676 4330 9876
9 6 191
8 4 452
6 4 851
13 4
4593 9179 8836 2955 1445 7592 2999 281 2697 2864 769 7620 7325
4 1 137
12 9 785
1 3 595
9 1 585
13 5
3951 1857 7489 6974 7274 722 5153 9334 8817 6802 857 7603 2802
13 7 749
3 13 275
7 2 147
13 6 551
7 4 390
13 6
520 7137 677 5075 3689 2629 8058 7131 2774 4279 7546 2082 4610
8 5 288
5 9 902
2 12 754
10 8 856
8 11 155
9 4 660
13 7
1768 6853 5431 640 6746 5150 4094 5715 6997 4022 9562 4882 3182
11 3 136
11 8 565
5 2 302
1 13 593
5 13 706
9 1 53
9 5 103
13 8
2062 190 3016 2359 1897 167 4212 1379 8066 4530 3219 3542 5783
2 8 244
10 11 739
4 12 957
11 8 994
6 9 386
13 10 163
2 5 220
12 13 206
13 9
3375 5435 7586 7759 5998 958 3310 6236 7663 1198 5577 9011 4085
10 9 97
9 8 44
5 11 478
11 1 579
13 7 406
6 3 869
7 12 818
2 1 334
8 7 19
13 10
5451 7317 9669 1235 3222 877 4041 7924 1871 852 2743 3303 8519
4 7 422
7 4 606
4 9 207
2 4 159
6 5 880
2 10 843
4 3 401
9 13 318
7 6 814
2 6 958
13 11
5667 4002 5245 455 9769 4827 2207 9065 8158 2548 9788 2744 4244
2 12 19
6 11 330
5 12 31
10 9 501
1 4 713
5 9 528
12 7 942
2 12 202
2 4 583
13 7 45
2 9 520
13 12
1569 4145 9314 701 2963 3393 6120 2991 6776 5387 6989 6594 9215
4 11 282
4 9 447
11 10 322
7 12 549
13 1 304
2 5 574
11 8 678
1 5 772
11 9 681
11 8 607
11 10 647
1 13 580
13 13
3228 9977 8549 3057 3733 2295 7226 4463 2632 1902 1025 528 5958
4 5 780
5 12 475
11 2 819
6 10 656
4 2 147
1 9 48
9 12 670
2 6 977
1 5 842
12 11 928
3 1 695
13 7 339
5 9 62
13 14
4395 8685 1485 798 7783 5926 4612 34 3161 55 7481 4979 5144
13 8 805
8 5 272
13 2 113
1 10 207
3 7 314
8 1 655
1 5 383
7 2 315
9 2 879
11 6 699
10 11 898
7 5 869
12 8 105
6 8 411
13 15
8299 9090 5736 256 324 2756 1794 8169 4648 5186 5132 8437 1870
7 2 969
5 9 607
2 7 676
1 4 451
7 6 796
9 3 312
12 2 137
13 1 802
1 3 688
4 9 12
10 3 346
4 5 751
6 11 875
12 2 90
12 5 743
13 16
5253 6477 5690 7200 1419 2138 9960 7889 9823 3466 3732 4414 769
12 4 365
8 7 215
12 6 20
7 1 81
8 7 992
10 8 41
1 13 88
8 13 997
10 9 193
2 1 859
2 6 44
2 3 419
10 5 903
11 1 535
7 12 263
9 2 897
13 17
7480 1816 8000 3078 9406 3493 947 2716 9890 8525 7536 8892 8450
6 2 466
13 9 481
2 7 828
9 7 824
11 10 769
6 12 837
7 13 954
11 6 321
12 2 851
12 11 627
5 6 114
4 3 883
1 10 235
8 10 903
5 12 869
3 10 766
6 8 98
13 18
1036 5493 8038 5615 371 4849 3752 5187 4990 9677 6507 4982 3961
2 5 145
2 11 973
11 1 674
3 10 358
10 13 802
10 5 378
10 9 157
5 11 407
7 6 905
9 12 400
8 10 878
12 10 650
13 12 444
11 1 353
7 8 501
8 10 310
2 10 572
13 6 982
13 19
8227 5389 6810 8495 963 8367 9124 3171 2372 1849 595 3842 2190
5 1 788
12 9 383
1 8 695
2 9 412
2 13 113
2 6 734
1 2 7
10 1 294
6 12 397
9 10 675
8 9 654
12 13 385
11 10 980
7 8 143
2 13 835
5 13 165
9 4 988
6 4 833
3 8 871
13 20
7044 1736 3428 1699 93 624 649 7605 2504 345 6489 4465 5604
12 1 31
6 9 203
7 1 978
10 4 409
9 8 309
8 12 647
9 8 767
9 11 288
1 6 166
12 2 410
9 11 251
13 3 166
10 9 608
8 7 319
5 2 102
13 8 472
3 11 893
2 8 714
7 11 350
1 13 660
14 3
6970 2863 6492 1270 9421 5290 5286 5672 4738 7566 6739 612 6948 5753
14 9 767
4 11 959
9 11 3
14 4
1342 9290 4744 4826 6444 5471 1751 4770 999 2641 1125 6616 7195 9239
13 7 862
4 5 815
10 8 366
9 4 99
14 5
5322 4271 6571 5635 8308 7684 1705 7237 4479 5980 8917 839 3763 4493
9 14 247
6 13 581
12 8 651
13 5 265
5 13 367
14 6
4489 9095 6545 1301 8632 894 667 921 9150 6364 4239 2686 3966 5830
1 7 635
1 12 283
9 3 519
13 9 12
2 14 935
12 9 338
14 7
2862 926 8498 1581 8703 475 1481 3152 6 6136 6838 5279 4823 6739
14 5 39
12 13 122
1 2 84
1 10 621
14 7 179
1 8 813
6 4 846
14 8
9024 8445 5562 8993 6017 6687 6784 2615 5419 3141 2645 9080 1062 9573
1 3 669
3 2 652
12 8 196
10 1 752
3 12 618
7 11 740
2 6 764
4 7 426
14 9
17 7522 5918 2694 6524 3687 9089 1394 1883 7518 3941 458 9397 7581
8 5 553
4 10 765
10 12 90
9 14 145
12 3 343
6 9 714
9 13 776
5 11 198
14 11 758
14 10
9830 9587 8907 8863 3420 155 4500 1979 3162 3199 6911 3568 3024 9139
10 11 583
3 1 841
1 2 848
4 14 491
2 9 768
7 10 32
12 10 247
12 9 65
3 7 576
7 1 777
14 11
5051 9135 2590 9228 3724 3635 9743 3859 1179 7799 8571 2154 820 5309
13 3 977
4 14 687
13 6 162
6 11 197
5 7 938
5 10 815
12 9 999
2 13 416
14 4 878
9 3 8
11 3 235
14 12
4929 6242 5547 6674 2891 5622 8352 7591 1471 5284 7733 6461 6166 7501
6 10 741
14 5 374
3 6 660
8 12 722
1 4 905
8 5 791
13 7 171
7 9 431
4 12 798
4 8 737
1 4 311
2 5 357
14 13
5012 6900 8828 7412 1640 9658 6617 8191 6058 6866 7982 5838 2306 369
12 9 18
9 10 833
5 11 997
8 14 319
1 4 882
10 12 412
1 2 318
2 9 766
13 8 243
12 11 181
13 14 999
10 1 894
8 3 690
14 14
1762 5531 3093 7712 5245 4710 8934 100 171 3156 7390 4993 2881 2935
3 14 682
5 9 961
9 11 629
10 13 283
8 7 187
4 8 446
14 11 281
7 3 976
14 13 609
14 4 326
13 9 683
11 14 358
12 5 583
11 12 226
14 15
7941 9292 6282 2534 8109 7108 1268 3942 2963 4658 6617 8404 3120 8029
11 14 132
4 14 32
12 4 475
1 13 681
7 14 138
13 14 698
1 12 68
9 11 142
12 13 769
10 1 591
7 1 609
2 11 53
13 3 512
9 10 531
13 14 431
14 16
118 3192 9214 4230 2266 8861 2014 7736 2595 7020 9951 3777 2440 1799
5 8 261
5 2 487
3 14 87
10 3 896
12 9 28
4 14 15
10 3 333
3 12 581
6 7 708
12 14 623
13 5 201
9 10 749
13 8 60
12 13 25
8 13 230
9 5 759
14 17
3685 7940 8273 2959 8580 4872 9804 1962 7615 3723 4037 2236 842 5861
1 14 479
6 11 850
6 11 630
12 2 803
5 14 247
11 14 42
4 10 231
6 3 264
9 5 228
14 11 845
8 14 577
12 5 507
9 3 416
11 9 602
3 13 344
1 12 283
12 13 310
14 18
624 7157 7622 9860 7937 9309 7790 6181 2213 5443 3512 5928 2405 3435
6 4 826
9 14 895
14 9 534
1 14 502
2 13 856
13 3 38
14 9 946
12 7 851
11 3 332
8 3 814
13 10 993
9 7 577
3 7 608
14 11 142
10 11 198
9 11 878
7 12 126
4 13 842
14 19
1325 883 5275 7364 7579 2560 2046 5657 9186 5231 8586 4494 7845 6732
9 11 438
9 14 236
11 5 112
13 14 4
14 2 687
12 13 441
2 10 999
13 7 864
3 9 853
8 7 752
6 8 662
14 13 728
7 2 435
8 12 605
9 3 860
6 3 759
8 7 494
7 13 688
12 13 689
14 20
6964 2582 1066 8701 5107 7939 9312 5641 5632 8370 6876 8270 1661 4447
10 12 914
13 7 860
1 11 116
7 10 135
6 14 871
11 13 630
13 9 641
1 5 547
9 3 170
8 14 782
8 7 44
1 3 161
14 1 481
2 3 550
11 12 600
1 6 667
10 1 948
3 2 655
9 5 769
9 7 333
15 3
4826 8435 33 5657 9849 5348 1427 8643 5911 4702 2168 5021 8669 408 1284
1 13 840
4 7 894
9 14 96
15 4
2433 6347 8933 7183 892 5856 6826 8989 9984 9911 4766 931 7048 2203 6395
8 9 813
12 15 705
13 14 767
14 4 778
15 5
1044 8093 1093 4737 5409 6850 2748 4109 4193 9397 1944 7845 797 633 1628
7 9 18
11 6 51
5 4 149
8 1 522
1 14 864
15 6
6342 2524 6981 3535 979 3228 7358 852 2532 925 7198 2421 7809 8269 4453
15 9 352
11 15 706
4 9 611
1 4 108
1 14 179
15 4 406
15 7
3133 2121 1082 7531 3594 2776 2008 2385 7997 2564 4697 8849 4592 5473 4416
10 1 626
15 14 128
13 15 504
8 7 873
10 7 890
15 5 439
8 9 137
15 8
8214 4252 8446 1453 2240 2370 5063 2491 7038 3197 7870 9499 3493 7824 2187
14 15 767
4 1 645
10 9 50
9 5 225
4 9 340
3 5 879
4 12 367
5 14 453
15 9
2593 5589 9736 4571 9416 451 1893 6390 6964 5432 8220 696 9412 2663 7157
11 8 544
13 2 617
12 11 216
5 2 194
10 9 607
4 12 453
2 12 161
6 15 94
8 10 565
15 10
5328 7167 4193 2539 6557 8613 1050 5559 9458 9258 4369 4025 8183 290 5879
3 14 283
7 15 617
6 8 54
13 1 809
2 3 932
9 13 118
5 4 705
5 2 978
7 14 666
8 14 713
15 11
5752 4202 4529 2583 1106 497 7565 9552 1704 311 6200 9753 2856 6165 5104
9 12 307
3 4 995
12 7 726
4 12 393
4 5 913
4 15 693
8 11 857
8 9 497
4 5 367
2 4 578
9 6 692
15 12
5821 2524 4928 203 2850 8126 701 9608 6957 1168 99 613 4738 1463 5570
12 6 125
9 3 156
3 11 540
8 7 176
6 5 123
4 7 313
2 1 939
15 10 572
1 10 350
2 10 101
11 2 851
12 5 714
15 13
7012 4848 5181 70 6273 8767 3743 6737 6926 8413 984 137 576 6422 3951
1 13 939
6 1 84
10 1 689
1 8 412
3 4 407
15 2 980
7 10 862
13 11 344
13 1 46
11 14 979
14 2 554
1 13 81
15 2 735
15 14
9987 1532 2000 4879 9712 6631 2881 8322 6693 6743 8702 2739 4891 4483 4217
4 11 770
7 4 728
6 4 27
6 3 278
2 1 177
7 3 746
6 13 427
12 11 97
1 11 874
2 3 560
14 13 144
14 10 39
12 13 832
7 1 436
15 15
6762 7789 1266 749 9970 2045 8957 5128 4625 7282 9380 853 812 9426 6526
3 2 970
4 2 656
2 5 489
9 15 230
6 8 55
9 8 919
4 3 315
5 15 819
6 1 330
7 8 588
9 7 955
15 8 689
6 4 323
5 15 550
10 13 717
15 16
3817 5406 4227 7279 3242 2631 3819 1863 8257 9355 6757 9175 444 9987 8924
4 12 43
11 3 217
12 3 885
15 9 35
9 13 58
8 14 222
8 15 5
10 4 275
15 5 539
13 10 594
12 9 366
11 13 453
11 3 634
1 4 484
5 3 960
2 11 272
15 17
1722 151 1196 3263 4497 7979 2025 8774 7677 7730 1491 9761 2937 4422 5606
2 11 59
12 7 655
4 6 238
2 15 926
9 14 92
10 1 419
6 1 993
11 12 188
3 4 992
13 8 232
9 8 272
9 3 799
13 4 779
5 4 60
7 1 795
4 5 852
7 5 941
15 18
7919 1897 8274 5568 4578 4176 5017 8409 1983 8398 2713 2142 9303 5249 4756
2 6 672
7 3 284
14 15 297
10 2 233
8 5 438
8 11 875
10 9 508
8 12 815
12 9 22
9 15 303
6 1 615
2 13 807
8 13 800
7 15 721
6 1 169
9 4 348
3 1 577
4 12 865
15 19
3283 1450 2814 4800 1003 2174 770 6492 8440 1580 1737 5071 8113 3049 6386
3 6 745
10 5 452
9 10 629
10 1 737
1 13 642
3 5 875
15 4 596
1 6 588
14 9 352
14 15 325
8 11 257
14 4 3
7 13 915
4 6 568
1 8 925
12 5 976
5 14 717
6 2 289
6 10 785
15 20
24 2563 3357 5204 959 7978 5170 352 2783 6867 5388 1644 4161 649 2113
15 3 538
12 1 429
1 4 919
13 4 262
15 1 726
15 8 469
6 7 128
8 5 302
2 14 19
8 10 763
1 10 420
8 13 32
2 11 780
13 8 655
12 6 340
10 14 523
9 11 266
9 6 983
5 10 847
15 11 394
16 3
4715 5343 7290 7387 2576 8980 6620 3777 5096 3078 8422 1244 5864 5030 2382 9222
3 7 898
5 4 620
1 2 834
16 4
9932 7145 5505 4630 5210 200 6785 9302 6559 6696 3316 9241 9741 7540 4759 4252
15 8 127
9 4 769
13 15 773
5 4 264
16 5
1944 3094 7441 7911 1994 2706 1770 8323 8189 6651 2826 2994 8604 3451 7006 885
5 14 394
7 10 212
7 3 247
15 9 227
11 12 392
16 6
5271 5280 7713 6286 9885 9133 1450 2341 3232 3680 8862 791 3558 2421 6102 1595
9 15 828
8 10 94
10 12 141
11 3 232
15 16 161
15 13 790
16 7
8186 9245 7933 1907 1214 4321 6904 5168 3716 882 6864 9744 4495 8626 3029 5310
9 14 780
15 7 581
7 5 513
6 8 802
11 16 700
16 4 531
15 1 153
16 8
7852 7215 897 5514 948 29 8385 4357 8341 443 7769 2517 1546 1513 229 4134
9 7 193
12 16 326
6 1 330
11 6 406
2 7 770
7 9 575
2 11 101
1 12 355
16 9
9095 6410 9343 6489 3706 5484 4333 7129 6284 5140 4425 9606 7857 2867 7566 3595
14 8 585
14 6 265
15 2 883
1 6 660
7 3 577
3 7 391
4 16 711
14 12 579
9 3 671
16 10
8474 607 5138 9636 6635 2809 5147 5504 8948 1915 4787 2505 3164 9489 3032 7135
2 12 512
3 11 255
6 15 841
5 8 976
15 3 806
11 1 129
15 7 336
7 11 490
16 13 394
5 4 720
16 11
6906 7022 3603 4157 77 5512 3545 7514 4175 2627 5051 2294 5364 1011 1805 9196
4 8 339
13 4 299
8 5 341
6 10 666
6 5 37
14 3 200
3 8 930
16 2 408
7 2 91
15 11 97
12 16 770
16 12
7795 26 5921 5812 3537 7286 4506 9495 45 3896 5660 5804 9329 9501 3704 6111
3 13 952
4 10 831
11 14 991
4 10 620
16 1 208
9 16 968
5 1 225
11 4 223
1 15 937
15 12 357
2 10 819
7 13 438
16 13
1191 8888 9768 5334 539 4372 1003 7678 5908 4079 5143 3440 6929 2869 7914 1502
14 6 478
13 3 876
10 5 124
16 11 528
10 3 975
9 1 582
1 5 895
15 10 545
14 15 988
13 1 724
16 11 194
12 5 424
10 1 853
16 14
9110 5795 7535 9629 9308 9659 7957 3601 8266 7247 9692 1488 1058 3903 303 4539
1 12 703
11 10 867
3 16 199
11 1 893
10 7 685
13 6 162
11 10 858
14 8 294
14 10 564
5 10 615
11 13 546
9 2 971
2 13 724
3 1 985
16 15
3681 1454 8291 8771 3650 1039 5988 6955 6711 3008 3736 1950 3571 8799 3147 480
12 8 782
13 5 544
2 16 505
14 11 34
7 15 476
8 2 128
13 8 645
7 5 911
7 10 486
1 12 211
11 12 44
8 11 408
9 12 286
15 2 461
1 13 541
16 16
2895 8868 4685 4932 5713 2871 4939 3 3212 350 4114 1252 2343 4387 9055 4614
11 12 715
9 14 372
15 16 217
3 2 501
13 4 2
7 10 614
14 7 404
10 16 871
3 10 644
16 15 714
16 10 367
4 16 736
9 14 567
15 2 323
13 9 103
4 5 50
16 17
1386 3615 7876 6564 2481 4610 837 9284 6138 9664 9669 4747 9684 9465 3596 3389
16 3 453
2 14 54
7 16 858
11 15 406
10 12 650
11 13 540
10 7 670
15 11 204
5 3 560
5 7 957
1 7 64
14 13 327
9 13 641
2 15 252
12 6 377
4 16 184
9 12 398
16 18
7067 6348 1383 3999 8179 6357 4434 1683 4541 2633 692 129 1091 2622 614 660
4 5 260
16 2 291
10 7 312
15 5 618
3 8 278
11 6 632
12 7 380
11 16 847
13 7 608
2 6 810
13 1 303
14 3 360
3 7 797
16 9 841
5 16 864
11 1 882
1 11 498
12 10 559
16 19
7000 1429 1944 5204 5029 9041 7548 9818 8665 7794 792 4351 3869 4825 6267 6508
10 1 568
9 13 511
11 3 81
3 8 233
7 1 784
7 11 284
6 16 339
11 7 925
14 10 820
6 9 481
4 1 242
4 9 374
14 10 866
11 6 145
6 15 959
15 1 627
16 5 660
15 12 521
11 15 674
16 20
8845 7002 4516 4103 8025 7826 6603 9058 9906 9715 3771 8745 9411 1698 6721 1969
5 8 486
13 10 24
7 11 574
8 5 551
11 3 47
11 5 71
16 15 626
5 16 572
5 14 990
9 15 504
2 14 654
14 4 542
5 1 576
13 1 39
4 9 276
13 5 621
4 11 531
6 12 457
4 9 10
13 5 997
17 3
3602 9699 7181 7641 4712 4399 261 1800 3788 6706 1350 6188 6259 7877 7259 8704 8062
17 1 268
17 11 226
9 6 158
17 4
5781 4542 9055 5576 9103 9417 3294 6038 617 9393 349 9868 8962 9324 5558 9391 1260
12 7 580
8 7 315
17 3 739
17 8 38
17 5
9367 2165 8558 7058 1436 1017 311 7010 9439 488 4474 1867 2528 1493 8629 5719 2797
13 12 304
4 8 106
13 5 963
17 12 130
17 12 283
17 6
9389 5878 2848 8201 5111 2152 3814 5192 6764 5184 421 8658 7710 4029 2196 8821 720
15 6 137
7 3 261
9 8 905
8 2 743
9 5 11
15 2 330
17 7
2587 3866 8088 4989 1734 9768 3115 9854 445 3661 3172 6362 5965 1058 4438 6756 1508
9 13 695
14 13 169
17 14 681
8 7 79
6 11 81
14 13 852
10 8 514
17 8
7881 771 3583 5561 8594 8964 4066 7526 8368 3770 8394 2282 5088 6601 714 1898 3616
5 1 93
16 17 996
1 17 563
8 3 641
15 4 834
14 10 242
14 16 371
4 14 451
17 9
9662 6939 1709 8916 7915 8018 845 4608 4046 5257 2934 9157 2106 3834 8921 8686 7779
4 7 321
9 5 762
4 6 590
10 16 115
17 16 506
6 7 363
1 17 694
9 11 738
11 12 545
17 10
774 2578 4891 1507 6534 6073 3730 7500 8020 7684 7778 7289 2010 6459 959 1313 1599
9 7 161
2 9 45
7 11 839
14 9 341
17 3 27
2 11 656
16 3 432
1 9 949
1 2 533
4 13 889
17 11
2079 6988 324 6166 3696 7779 7733 7742 1131 8302 2691 7025 4875 7600 774 2957 8389
16 1 895
15 14 683
1 15 860
9 6 912
1 8 837
12 9 507
11 4 87
4 6 182
15 7 8
1 12 596
17 15 621
17 12
8158 4102 1719 8635 995 261 9065 9474 4219 8303 9626 2289 2747 2593 742 9905 3664
7 9 606
5 12 424
16 10 53
5 8 402
11 3 517
7 2 481
13 10 284
13 4 689
8 9 758
15 4 711
7 6 189
11 13 550
17 13
4883 9482 1441 8661 6950 7076 6564 9929 8708 6139 5331 7190 936 6765 8672 4091 54
7 17 498
7 3 326
11 4 989
1 4 386
13 2 306
15 10 873
3 16 326
2 10 967
17 12 902
1 7 891
14 8 724
1 9 425
2 15 553
17 14
2715 3638 6195 3784 3149 2299 5117 3165 9745 7402 2451 7807 541 6620 3723 5438 8946
17 6 99
11 16 318
2 3 933
13 1 134
9 15 642
1 7 414
4 11 678
5 12 802
6 9 995
10 7 990
13 17 229
15 17 880
10 17 408
9 11 963
17 15
1409 9533 1536 6229 8870 1652 530 6342 1582 789 2298 8221 9309 9561 7977 5337 5379
13 9 759
2 8 580
17 4 627
14 2 652
10 13 85
6 14 892
1 15 365
8 10 777
10 5 624
1 11 479
12 6 174
6 16 95
3 12 846
8 13 857
11 1 572
17 16
3774 1542 3403 6022 2805 1782 2838 5909 5019 9647 3223 2643 6829 2706 7279 1408 6821
4 13 512
13 11 295
14 13 130
1 17 753
16 1 669
9 2 154
17 2 738
13 2 843
16 1 713
12 5 22
9 2 611
6 12 567
10 14 620
3 7 559
5 14 164
9 4 479
17 17
725 3090 9200 2152 9011 9265 6341 1965 342 5721 5312 3065 5074 1362 7006 8084 3153
16 2 25
12 9 910
12 10 970
12 16 968
5 17 890
5 9 416
9 16 294
6 16 260
1 8 773
13 4 553
14 12 570
17 12 176
4 2 782
5 3 711
13 12 268
1 15 925
3 6 142
17 18
6385 1479 6513 4954 1904 265 9153 9678 3579 8240 4218 7868 3767 6901 152 9145 7376
4 5 970
6 2 50
12 14 778
9 7 101
8 7 792
17 5 871
1 10 359
8 13 98
10 7 570
17 7 509
13 10 765
10 4 755
4 1 47
12 10 406
7 11 216
8 15 886
13 3 263
15 2 672
17 19
5874 7376 189 4216 8100 6816 9108 4330 4754 8088 8596 3028 7896 3693 6892 2117 3856
14 1 250
3 13 689
4 13 983
6 11 384
3 13 108
1 13 695
14 10 439
11 17 779
15 7 107
11 16 788
2 11 872
11 7 921
5 13 415
5 9 271
5 16 960
15 13 3
2 10 966
7 2 184
11 6 691
17 20
7242 8925 499 8638 7393 2457 4215 365 4035 3968 8925 3443 6551 4342 5149 8761 3665
14 10 2
14 11 949
3 15 760
11 17 223
8 5 39
9 16 324
12 7 696
3 13 33
8 13 341
9 12 874
2 15 584
14 16 159
6 9 879
5 7 816
6 4 322
10 4 606
9 2 87
3 15 654
14 12 23
13 3 179
18 3
8843 3266 9539 8989 4307 2017 4022 8031 9796 4076 6322 1232 6639 598 7009 2708 1948 8557
16 15 561
10 16 287
10 4 101
18 4
9847 4012 3445 5167 231 8079 754 9055 9606 791 7404 1741 845 8025 3905 643 2244 2101
8 4 953
4 8 609
4 1 853
3 8 984
18 5
1975 1176 4358 326 6660 7792 8395 3206 5282 6253 5490 9863 7183 7722 8667 9783 3706 7090
1 6 120
14 8 389
2 12 47
8 12 132
17 13 949
18 6
8291 5621 7276 4047 6405 1882 4109 1203 538 4015 9537 4898 5954 7258 3791 3741 4769 9647
1 12 369
12 15 373
4 9 121
7 11 54
13 3 48
1 5 22
18 7
8497 3923 2580 1874 9072 6761 7307 6109 8644 2472 4126 73 9999 5875 6792 4804 5480 6128
4 9 523
15 10 288
6 12 774
8 3 30
11 7 202
16 18 595
9 17 470
18 8
7034 2257 4960 5879 1533 5819 1166 9412 4548 3604 7841 5596 7866 1840 1159 8397 6206 7696
14 6 570
11 5 67
6 8 275
11 15 607
2 9 352
7 1 432
14 18 707
16 7 734
18 9
2820 116 9405 215 8779 9187 8065 9826 21 2093 8188 9889 7906 8386 5217 2 6357 4929
14 7 269
11 16 139
12 14 380
13 6 857
5 16 883
7 13 613
11 5 898
3 17 849
12 18 229
18 10
8396 8366 2552 512 3583 4853 9592 6513 6752 3955 7780 8527 1023 6657 8279 479 4611 7857
15 18 543
12 5 274
18 7 300
9 12 205
12 9 648
8 9 663
8 7 319
3 10 635
2 14 672
2 8 282
18 11
6371 4036 3602 7704 9217 4441 8792 5899 5225 1394 2005 1992 9260 4111 4749 5394 2082 8156
1 5 326
12 11 67
15 3 655
15 14 991
7 4 893
16 6 999
12 5 904
6 1 34
5 8 763
7 15 873
17 3 107
18 12
5942 5068 8339 6659 7793 5924 7330 703 5731 6728 1893 7437 6972 837 9485 9283 5038 4595
11 17 967
11 8 273
1 8 876
11 9 72
15 9 411
12 15 181
8 12 459
2 18 336
14 8 310
12 5 511
13 12 288
3 15 182
18 13
9923 9863 1854 4399 6266 8749 717 9118 5803 3822 8149 8433 6747 625 8161 4996 2070 9376
4 15 750
11 13 781
13 11 945
7 18 246
16 5 658
1 3 923
8 11 972
8 2 481
4 12 970
15 18 534
15 5 657
13 18 172
14 2 379
18 14
6273 6436 4459 1094 1944 8968 9290 5145 4687 7564 7223 4827 4931 5816 9806 5848 6746 4086
7 12 563
16 8 424
1 12 978
12 13 995
7 2 412
3 13 931
4 17 335
7 5 675
10 7 329
12 1 483
16 17 251
16 15 296
11 5 944
6 10 714
18 15
9905 212 4665 4540 2444 263 1668 4201 3609 8396 8623 8508 8182 6284 3117 9973 9186 7967
3 18 284
18 3 280
8 7 803
17 5 227
6 4 218
3 11 952
13 3 948
12 9 532
3 4 560
17 9 46
6 18 335
1 14 344
4 17 132
8 4 176
6 10 439
18 16
9938 8 4098 9209 7222 9356 6055 7688 2930 6108 1656 9150 5099 308 1615 2655 225 6703
7 1 252
3 4 262
17 1 818
10 2 966
8 10 651
14 15 55
2 4 172
2 3 656
16 7 78
8 7 959
17 6 607
3 15 48
9 2 355
9 18 443
8 6 42
16 7 389
18 17
9566 6734 7375 3064 1567 4924 7241 8941 4443 5817 1543 6510 1670 3790 8274 6323 1274 5545
1 4 279
12 5 476
17 9 864
9 1 893
4 9 870
1 18 736
2 6 705
11 7 581
2 18 46
7 4 110
3 18 532
15 3 818
10 7 204
9 14 79
3 5 549
1 9 4
6 1 904
18 18
333 7970 135 5114 286 1805 6264 3694 9607 4025 7526 8891 8532 7798 1736 1709 5821 1341
17 11 469
18 13 799
14 5 668
5 7 505
15 3 515
7 14 953
8 18 187
15 12 711
4 1 913
18 8 788
1 7 84
11 16 813
11 10 953
9 17 444
11 14 289
11 16 796
7 15 711
9 2 53
18 19
8898 4741 6353 4477 7703 9153 8878 1276 2507 2000 2660 7054 8887 4993 6292 1594 8963 4205
11 10 48
11 2 29
16 4 135
6 12 472
1 13 299
17 5 757
10 6 177
3 9 209
17 14 26
4 9 231
8 12 839
8 11 845
11 5 292
11 18 469
6 3 282
8 3 840
17 14 806
10 16 553
3 13 628
18 20
7618 2506 8181 2515 9815 364 3837 649 6592 7706 7360 1002 870 5870 9196 2173 7917 2658
16 7 493
14 18 975
7 14 826
14 3 160
14 7 73
6 3 154
10 3 599
10 2 832
11 15 665
3 13 825
5 16 412
1 2 127
3 14 161
6 10 463
3 10 636
7 17 878
6 13 664
14 2 38
4 2 167
3 6 349
19 3
5350 4935 1535 7928 4269 6523 7501 3410 5682 1519 9634 4288 2189 2727 6075 9165 997 9023 7042
17 16 964
5 15 328
19 3 765
19 4
1445 5209 7888 971 5383 5362 7164 2354 5050 7335 9608 5951 3618 3263 4026 5879 274 9175 781
10 15 576
11 6 867
2 5 230
11 12 805
19 5
8665 1160 5411 5733 5435 7775 8111 1904 6308 8347 2536 9248 2266 1741 8636 9850 3101 9004 4985
6 17 151
17 19 69
2 3 212
2 10 903
8 13 935
19 6
3139 6066 7284 638 7887 8044 5636 7278 6165 3709 587 8795 349 9414 8445 8030 2582 5792 9412
7 1 625
2 4 778
16 15 475
1 11 146
9 2 887
18 12 336
19 7
663 8188 1275 2186 4287 911 7935 9799 1928 3789 5984 5889 1746 6981 3782 8767 7005 9534 5383
14 12 516
7 8 784
8 19 898
17 12 810
1 2 754
17 10 362
19 11 302
19 8
3701 5423 8328 5469 3097 1208 3088 2257 4313 8130 2520 1069 7715 9991 8732 7851 4370 2604 149
12 2 298
3 13 481
13 10 531
7 5 367
7 3 261
9 3 791
19 14 311
4 18 928
19 9
9731 4937 7063 2495 7571 1336 9928 8557 4353 28 9322 7915 4309 8809 5121 7472 1209 3316 7901
8 18 311
10 19 209
5 16 65
18 16 149
16 18 800
7 17 869
1 5 518
10 19 408
1 8 393
19 10
1657 5335 8238 3552 2232 3166 3350 7490 3141 94 7103 401 2560 6920 5169 3799 5554 1843 5240
16 6 993
15 11 457
7 1 139
3 17 169
8 18 881
17 15 872
2 19 187
4 1 152
6 5 436
3 11 442
19 11
7793 2281 4543 555 9416 8568 9705 7890 4801 5926 3636 4464 7011 3552 9210 6362 9216 998 7224
19 5 453
12 19 806
4 9 132
9 3 167
2 10 245
8 15 327
9 14 812
11 14 845
16 10 335
11 3 423
8 6 270
19 12
8399 7294 191 6384 2581 3196 597 7579 1712 6890 5722 9063 3219 521 192 4236 3093 4424 755
18 15 326
19 9 559
1 2 198
17 19 920
5 15 358
10 3 404
12 11 65
9 2 863
7 12 129
18 4 933
13 10 421
9 1 436
19 13
9346 7347 3349 991 1093 5556 5530 8252 2589 172 6623 1455 2203 1358 7464 63 729 6371 8714
1 11 442
11 14 944
16 6 858
4 3 999
13 6 905
9 11 976
9 14 874
8 5 828
16 7 806
17 15 527
13 8 57
6 14 399
19 13 435
19 14
5845 1176 99 6146 5994 2974 1305 2146 8062 6249 851 1396 619 8052 8240 9667 1189 3269 1324
16 2 720
5 7 976
8 7 621
9 13 737
4 9 100
9 11 244
12 7 806
14 15 349
14 12 271
7 12 760
11 5 803
5 11 399
1 14 113
3 7 638
19 15
8431 6770 7838 7654 5086 7730 1742 3855 9703 5943 3414 5831 9465 6074 7817 4212 6933 8012 4586
7 15 196
9 4 471
6 12 119
7 2 749
3 17 104
3 6 637
1 14 80
15 1 294
17 9 44
7 17 90
8 7 25
1 7 912
13 2 517
14 10 773
13 2 54
19 16
8526 9331 2174 7611 2617 6707 4262 8501 6721 4632 2270 3952 6880 4558 4384 8273 4278 7795 8529
19 1 649
15 17 440
18 12 386
16 5 549
19 15 974
1 17 411
1 16 886
9 3 610
12 8 737
14 4 939
11 10 11
6 17 547
18 15 430
11 8 592
2 7 600
14 13 667
19 17
2850 7487 3584 700 2228 9394 74 1397 3566 5684 6190 6622 6275 1231 9737 240 644 5609 6199
17 10 962
13 16 557
4 5 881
3 12 420
8 17 635
3 7 514
9 12 633
8 9 540
19 18 31
1 18 605
7 8 442
19 15 160
11 3 778
7 13 89
2 11 176
19 16 679
17 5 238
19 18
1583 9473 5748 7556 4249 8362 4784 7261 2663 7264 4652 5359 7178 2949 1836 4835 6967 8256 5918
19 10 971
5 8 292
17 8 637
4 18 643
11 12 787
7 19 496
17 19 327
13 6 652
12 14 310
5 3 799
15 16 78
11 3 614
19 13 612
16 2 538
7 14 148
3 7 749
15 17 256
5 4 616
19 19
7467 7159 5489 6170 5997 4405 9411 1061 2023 9441 9570 9396 6911 8248 5498 934 2589 4135 1053
8 4 68
4 11 536
12 2 213
17 8 2
7 13 935
5 10 308
16 14 621
1 9 991
11 5 767
15 10 489
4 14 498
16 18 74
7 3 446
3 18 299
5 19 921
13 18 953
8 5 385
1 15 147
5 15 613
19 20
1741 6366 282 6220 3318 9132 9163 8694 5192 7737 5435 577 4033 4084 5145 8052 6751 3146 6231
18 2 606
18 15 498
18 8 593
15 19 134
1 18 685
15 2 349
18 2 700
16 4 13
18 17 887
16 8 727
7 17 138
18 9 984
1 13 720
19 6 525
2 18 757
5 1 385
9 6 704
2 14 48
10 7 747
17 3 482
20 3
6175 774 8694 2238 3342 6492 8131 464 2176 613 1745 4389 2182 9427 5997 8559 9639 5466 5187 686
1 8 153
18 9 809
6 19 191
20 4
831 5493 9696 1935 3516 7078 6042 464 2323 9848 7889 3500 2476 9151 5816 7107 1443 7754 6392 559
5 19 69
3 6 78
7 16 339
2 16 166
20 5
5718 6154 8067 2432 2056 1478 2470 4311 7073 4921 6853 1267 3350 9128 64 2798 9956 6410 6163 5761
11 3 515
19 7 276
3 14 611
19 17 891
4 5 910
20 6
1826 6967 3592 1276 386 1017 8845 9605 2105 5852 8646 907 12 658 8434 1627 9839 4944 8288 9622
15 17 949
11 12 786
15 19 164
8 19 842
11 2 673
20 8 349
20 7
8437 3341 6000 9917 8286 7690 7392 9886 7610 817 4594 2155 9306 6656 5399 2501 4553 7246 2327 8985
18 16 192
11 7 622
9 1 453
9 4 345
7 13 271
9 3 586
6 15 288
20 8
7665 6192 9877 1831 8751 8354 5910 7467 1230 8120 2767 8870 1029 7538 788 6660 9339 6848 3753 1731
11 17 672
15 1 343
20 15 653
10 12 338
8 9 678
17 19 391
3 14 481
13 12 354
20 9
9506 7457 3561 7757 1534 5844 5991 6895 1627 2248 156 2589 5124 8089 1222 3936 5016 3220 4034 7957
1 8 152
11 20 947
1 16 588
13 12 828
18 17 864
19 12 343
11 1 143
18 20 616
15 19 872
20 10
7209 6681 2041 3910 5828 598 9663 3953 8095 3085 2701 378 6405 8361 4893 6773 9972 6088 8070 7835
16 6 685
6 16 909
14 9 274
8 19 303
18 6 264
5 12 755
10 14 597
17 9 618
11 8 248
18 7 649
20 11
5786 4444 7505 2530 3287 9355 970 8756 1113 2478 733 1244 215 3791 7495 3127 3724 1064 4808 9586
7 15 709
19 1 158
5 15 774
10 18 258
17 16 665
9 13 812
13 1 130
16 15 800
10 6 128
2 11 333
19 17 952
20 12
3624 9665 8527 6171 6559 43 3789 8693 4410 1170 1795 2901 4354 711 6253 9219 3570 7336 5336 507
8 6 123
15 10 406
6 8 796
5 1 374
1 6 791
4 2 749
12 16 284
10 2 767
8 18 748
8 17 924
19 12 843
3 6 690
20 13
2531 2765 6813 1581 5461 8263 1118 9667 1677 1241 1491 6701 2380 768 841 6685 7838 2381 5082 8132
5 14 57
12 3 686
20 17 58
6 17 507
19 12 1
6 1 197
13 20 215
13 3 229
15 12 601
9 2 904
1 5 56
15 2 19
7 12 54
20 14
8920 7789 8776 2428 497 8248 4201 6733 4146 1352 4192 296 9322 7188 3174 6745 6849 4270 2898 2355
10 3 856
12 2 670
11 13 38
10 1 66
7 9 57
4 10 477
16 14 230
14 5 539
11 19 382
17 1 621
16 7 225
12 16 889
19 16 300
14 12 300
20 15
5232 2177 3551 8129 5598 9094 6087 7288 2141 420 2152 6005 4210 8669 2722 7460 5169 6085 624 494
19 9 916
3 1 615
13 5 301
19 9 296
5 3 856
12 4 991
5 13 391
4 20 747
4 10 99
14 17 585
1 4 495
1 6 671
15 11 801
11 3 513
16 1 406
20 16
4301 4257 3021 7908 1699 2299 945 7346 4441 6686 9742 7864 586 859 5011 3168 230 8216 3849 4238
10 9 503
8 19 757
8 13 60
14 19 466
5 6 489
2 20 299
2 10 728
4 12 887
9 20 75
18 11 745
9 17 236
18 1 488
3 19 759
5 13 859
3 7 482
20 8 732
20 17
8302 4643 421 1619 7912 4529 6854 2532 2220 6143 3514 3420 3070 8355 3953 7885 4514 409 9213 3665
16 9 311
8 18 250
1 9 785
17 16 708
20 18 94
10 4 938
14 2 788
9 5 256
3 16 639
16 18 933
10 12 358
11 16 179
8 4 485
9 1 690
13 11 838
11 8 983
15 1 755
20 18
1023 4796 1464 4327 141 2597 4345 8992 8941 2192 5497 9544 4915 7080 951 4970 2993 7776 1807 1927
20 13 318
15 6 732
1 2 3
15 9 111
3 16 808
4 9 652
7 12 976
6 7 684
18 3 529
15 8 355
2 5 464
16 11 526
3 14 841
16 12 996
7 17 47
13 5 387
5 4 131
2 9 466
20 19
2452 8863 9814 8055 5250 647 6625 865 7827 4504 4072 4505 3277 5269 3791 8082 8176 1892 4403 1433
10 18 791
5 2 624
20 17 412
8 13 240
10 9 111
7 11 470
19 13 525
20 8 683
17 15 49
4 1 446
10 1 673
2 20 726
13 2 716
12 3 804
17 8 951
11 8 816
13 17 404
13 4 937
14 11 17
20 20
2916 7838 6858 7317 3016 4692 224 755 6755 8528 74 2751 9540 3239 6039 7915 693 602 456 5833
5 16 227
16 4 781
9 20 296
8 14 756
13 14 372
10 7 563
17 8 822
4 5 73
16 5 886
12 2 74
16 14 155
5 10 3
2 6 566
19 9 6
2 12 583
18 16 476
2 3 182
2 15 529
10 3 94
13 15 921
4 4
9882 1028 4010 7394
2 3 8295
3 2 9460
4 2 7206
2 3 391
3 8
6738 193 3409
2 3 3933
3 1 9793
1 2 9236
2 1 2911
1 3 6120
1 3 3464
2 1 2224
1 2 863
12 6
4850 2841 9696 1753 1885 2899 778 8542 6711 4596 7382 1988
2 12 399
8 7 6039
7 6 9715
10 7 1909
6 7 6138
9 10 378
6 6
2704 9123 4689 8154 7919 5252
5 2 3572
1 5 3994
2 5 1717
5 1 9727
6 1 967
2 4 3357
3 12
2884 2271 4209
3 1 476
1 2 7653
1 3 2192
1 2 3250
3 2 5524
3 2 2147
2 1 5845
3 1 2619
2 3 5854
2 3 8780
3 1 3511
3 1 5204
3 3
3455 3537 748
1 3 994
1 3 5849
3 1 6669
3 6
5308 4319 3675
3 2 6576
2 3 8064
2 3 6674
3 1 5137
3 2 1839
1 2 6740
12 8
635 8203 515 8039 9262 7407 7795 9650 204 3501 4061 7835
5 4 4183
2 10 8411
11 5 149
3 7 2878
6 3 3097
12 4 4947
2 11 2393
10 2 5496
5 10
6646 1957 9763 9959 9168
4 5 2496
1 2 9862
4 3 9141
1 5 1394
5 3 9080
2 1 4134
2 3 3657
1 2 118
2 1 3839
3 4 8434
5 5
7623 1474 2434 4857 9970
5 2 4716
5 1 9204
1 2 7641
3 5 8199
2 3 9786
4 5
9812 7012 3884 330
2 4 7909
4 1 4698
4 2 5752
1 4 9951
1 2 616
6 4
8598 3673 7314 9357 8773 8518
1 4 5863
3 6 4596
2 5 6670
5 2 9987
4 19
2112 1484 5255 816
2 1 2727
2 4 6109
1 2 1959
3 4 6823
3 1 3551
4 2 1629
3 1 363
2 1 5316
1 2 5483
1 3 2729
1 2 9716
2 1 5522
1 2 6883
1 4 1838
4 1 7495
4 1 7012
2 4 221
2 3 5274
1 4 5018
3 3
2762 3774 8650
2 1 5610
1 2 3164
3 1 64
4 3
9801 4681 1045 2680
2 4 2106
4 2 5881
2 4 8312
9 4
4520 8666 6808 1024 7011 1362 71 3651 8057
7 3 9842
1 6 9532
3 7 9998
9 1 7863
3 3
2342 982 8957
3 2 1502
1 3 3670
3 1 9020
3 3
5280 2164 7697
1 2 5943
3 1 7859
2 3 5312
10 10
3842 5399 417 5311 9001 8849 5787 7205 5712 6291
10 2 9125
2 10 9944
1 2 84
2 4 3983
6 9 2578
8 1 8221
4 9 1531
8 6 5313
6 8 6637
9 5 6255
8 3
6471 8674 3740 3587 476 4583 3796 6630
3 7 4097
7 8 6594
8 3 7143
8 4
3363 6744 4602 1327 3606 5928 3820 7601
5 3 6849
3 5 9678
2 8 2564
2 4 1818
5 3
3729 6270 5741 113 4748
3 2 6119
2 5 2513
2 3 8295
3 6
5368 7512 1787
2 1 5112
1 2 6485
2 1 2393
2 3 6468
3 2 9222
2 3 7430
5 3
4137 7258 2913 2359 6489
1 3 7348
3 4 6025
4 1 6694
6 5
6069 2589 6993 942 6690 9082
2 4 9564
5 2 5808
3 4 3621
6 1 3371
4 2 8878
6 8
5377 1969 9636 5887 1424 8204
4 3 6649
6 4 2426
6 1 1002
6 2 8670
1 4 4074
2 6 4678
2 4 3363
3 4 2716
4 8
2359 5992 8841 2860
1 4 5459
2 4 8187
2 3 3618
1 2 684
4 2 4549
4 2 3574
4 1 7589
2 1 2589
5 4
4886 913 1780 280 8869
4 3 5027
3 4 5500
5 3 1579
4 1 174
6 5
3937 2490 2053 6748 5578 4645
4 2 6263
3 6 1076
6 1 93
5 6 8976
6 5 7069
15 4
4987 7611 9199 82 9735 2018 8402 427 6550 4967 2136 8683 6084 8041 2424
15 4 9335
4 15 9100
1 14 3036
10 2 3917
6 3
1284 8683 4005 3213 1876 8784
5 4 4269
4 5 5975
6 1 6346
3 7
5637 278 7237
1 2 7404
2 3 7334
3 2 7889
2 3 4719
3 1 8360
2 3 4052
3 2 5122
5 3
3126 5481 3977 6834 1174
4 2 9963
2 4 7230
4 3 1626
4 4
5774 732 370 1151
1 3 1916
4 1 9862
1 3 3952
1 4 8724
4 13
1915 3703 2473 7477
4 1 7340
2 1 5166
1 2 9567
2 1 4712
1 4 9526
2 4 460
3 2 445
3 4 3366
3 2 5333
2 3 4406
4 2 1808
4 1 4439
1 3 2716
3 5
3410 6554 1433
3 2 6257
2 3 9839
2 3 7749
3 1 4215
1 2 6893
3 6
3063 846 288
1 3 5373
3 1 9302
1 3 3528
2 3 7029
1 2 7395
3 1 4367
4 6
106 5078 1696 64
3 4 9109
2 3 4917
4 2 6804
3 2 1420
4 3 5004
2 4 2962
10 10
8238 669 6973 7902 3945 388 4620 2577 7881 1192
1 7 8088
4 10 125
8 6 6665
3 6 3150
6 8 6785
10 5 850
2 4 274
9 8 1275
6 3 2963
5 9 3355
4 5
4600 8165 285 926
2 3 2724
4 1 2678
2 1 1827
1 4 6630
2 1 190
6 9
3849 246 6993 5878 3224 5850
4 2 5750
2 4 8351
4 5 3302
1 3 821
1 6 928
5 6 5726
6 1 9247
1 2 6078
1 3 708
7 3
5383 2317 9308 887 7782 6531 3675
7 2 5524
2 7 6694
3 5 3399
3 17
10 7769 2155
1 2 8717
2 1 2922
3 1 4867
3 2 4128
3 2 8609
2 3 6610
1 2 4168
1 3 9588
2 1 5627
1 3 2617
1 3 53
1 2 2502
2 1 5461
2 3 206
2 1 4530
2 1 1344
2 1 6855
3 4
5395 4252 9698
1 2 9773
2 1 3576
2 1 1262
2 1 4916
3 8
1275 9957 2556
3 1 8185
3 1 8212
2 3 494
1 2 3582
1 3 9213
1 3 8537
2 1 5504
2 1 6156
3 9
86 4513 1614
2 3 3140
1 2 1576
2 1 625
2 1 9691
2 1 2478
1 3 3386
1 3 5142
3 2 665
3 2 9352
13 9
5252 8895 2052 7485 9821 64 3892 8245 4841 2699 7338 5030 3336
5 9 8623
4 12 759
11 13 4850
3 12 658
12 2 856
11 13 2092
3 4 5070
2 11 927
4 3 8713
3 8
4161 2503 1679
3 1 8742
2 1 91
1 3 8892
1 2 3896
1 2 8220
2 1 1386
2 1 5067
2 1 7805
6 7
8058 5555 7597 4041 4636 3899
4 1 3448
1 2 219
3 2 8738
6 5 2279
4 6 5422
5 3 6454
6 4 4843
3 4
775 4117 6390
1 2 1087
3 2 8686
3 1 4027
2 3 8945
3 7
1701 6200 2696
1 3 3658
1 3 8746
2 1 5269
3 2 4805
3 2 3531
2 1 9253
3 1 3424
8 5
959 1175 1504 3762 5813 3861 8568 5412
8 6 397
2 7 2266
7 2 9692
5 6 5103
2 1 3096
5 5
1169 2497 6148 7883 6786
2 3 5432
3 2 1256
2 3 9881
3 2 2587
3 2 9758
3 4
8065 726 3334
2 1 2253
3 2 7714
1 3 3573
2 3 4792
3 10
6956 885 4044
3 1 2935
1 2 9001
2 1 4557
2 1 3780
2 3 592
2 3 907
1 2 8616
1 3 8905
3 1 7529
2 1 1680
6 3
8648 1131 2177 5185 2222 5128
3 5 6992
5 3 7820
4 6 2061
10 4
8144 391 137 8971 9968 9913 2895 960 7645 3337
4 1 1243
8 10 8257
10 8 9737
5 6 7171
5 10
5106 3643 4049 35 3761
3 4 3913
4 3 4346
3 2 2669
3 1 9213
1 3 8588
1 4 3825
3 1 7969
1 3 8474
2 3 6131
4 5 2243
5 5
4889 7278 9694 6910 7128
3 4 6050
4 3 7040
2 1 9198
1 2 8748
3 1 2438
3 4
4457 575 7081
2 1 5986
1 2 8721
2 1 7225
1 2 5234
3 5
2757 1639 6619
2 3 4584
3 2 7969
2 1 1880
3 1 657
1 2 3760
8 7
2664 3892 7722 2464 9180 4804 5138 8030
6 4 8673
4 6 7515
2 8 2429
1 7 2673
8 2 4902
5 1 8680
3 6 3113
6 15
5579 556 1220 1435 3946 9287
4 5 4543
4 2 9548
2 5 3467
5 4 8796
6 5 3158
3 5 4213
2 3 8051
4 3 4812
3 5 1371
6 2 7260
3 2 3682
5 6 2878
2 4 8645
3 4 2353
1 6 186
11 5
2732 2408 2484 4422 1646 2781 8520 7527 5391 4741 8080
9 2 5775
2 9 2984
6 11 1013
3 5 2257
7 1 5770
10 3
8878 2460 5703 7425 8072 9876 1221 606 2772 7694
1 3 6226
7 8 8437
8 7 7839
16 4
5891 2142 5270 384 9906 959 6208 4894 8725 5204 3413 1779 8657 9354 6926 4522
4 7 649
8 6 5840
7 4 6663
13 8 1696
12 6
8290 5521 3061 8123 9248 3432 2790 1880 9918 8518 8334 5889
2 3 6348
9 8 874
4 6 3657
11 8 432
3 11 1056
3 2 8141
3 6
555 407 7301
3 1 4907
3 1 4894
1 3 7834
2 1 4589
3 2 3452
1 2 6332
4 8
1893 3541 5168 1517
4 2 3801
4 1 3062
3 4 9228
1 4 4612
2 4 7044
4 3 9886
3 4 2444
4 1 7333
11 5
8 5859 4808 767 1043 2632 9218 2448 1116 7559 5553
8 10 5775
7 9 7478
2 11 1158
10 8 9186
11 6 5447
3 11
4983 3269 781
1 3 1583
2 3 8988
1 2 4346
2 3 4802
2 1 1822
1 3 4814
3 2 9925
2 1 1064
2 1 815
3 1 8217
3 1 1936
3 4
2276 4819 6808
2 1 4916
3 2 9496
1 3 4370
1 3 206
3 18
1086 465 2858
3 1 8480
2 1 9383
1 2 8194
1 2 1381
1 3 4579
3 1 2015
3 1 8594
1 2 7655
2 1 6300
3 1 1288
1 2 400
2 3 8418
1 3 9504
1 3 2540
3 2 1070
3 2 6156
2 1 568
1 2 3281
7 4
2387 4281 3650 3504 5695 1778 9304
2 1 8815
1 6 2246
6 1 2979
1 2 5415
14 8
4128 1645 8127 3942 6299 8069 7112 6982 511 9332 4653 2383 7204 7474
9 11 554
9 1 3616
1 9 5388
8 13 2157
3 5 563
11 4 2388
10 2 7272
5 2 4182
3 5
910 3326 6447
1 2 6501
1 2 9735
2 3 2655
3 1 8493
2 1 8363
3 18
938 6528 1647
2 3 3542
1 2 6566
2 1 6548
3 1 3962
1 3 4875
3 1 1869
3 1 9654
2 1 161
3 2 7248
2 3 4653
1 3 1481
2 1 5682
3 2 3223
1 3 4211
1 2 1586
2 3 1401
2 1 1162
1 3 6273
4 5
7727 4218 7291 7079
2 3 4928
4 3 7008
1 2 8160
2 1 5769
2 3 1315
10 11
9034 1826 5382 9666 7725 9524 8208 5806 1307 7229
4 6 7818
6 4 2471
1 6 2737
3 9 9685
10 2 2624
6 5 8692
9 3 8859
1 7 6612
7 9 5232
3 6 3364
9 1 4474
15 3
3747 2433 7521 859 5621 3937 5172 4795 2595 4280 5270 4916 7626 4378 2445
13 1 9596
1 13 6725
3 10 5465
6 6
6612 1981 3721 301 3740 846
6 1 5668
2 5 1355
1 2 9916
2 5 8079
3 2 2268
5 6 5756
19 7
5807 9971 8199 4509 142 8776 9702 9465 5394 6531 1901 3915 4966 7121 9096 4362 1832 5444 9729
8 13 8094
6 10 5420
18 3 6716
12 8 7472
14 12 6839
3 18 9719
4 19 4042
3 3
4127 2265 3732
1 2 7979
2 1 9006
3 1 2970
5 6
4607 8785 8702 1968 9407
2 5 2526
3 4 4953
4 5 2365
2 1 2708
1 4 7484
4 1 7126
15 9
5752 4222 2279 9505 8633 4229 9771 8957 3434 8033 4776 6788 1815 7399 2012
12 7 1773
15 2 470
12 3 1369
15 14 9460
2 13 3230
4 3 59
2 13 1012
14 15 8777
6 4 1302
4 6
3619 224 8763 5604
2 3 2413
2 4 8445
4 2 7937
3 2 4005
1 4 595
4 3 5014
8 9
6701 5083 5239 2069 5511 1744 1173 9302
5 3 1297
4 3 1603
5 8 134
6 7 934
7 5 5552
2 7 1586
5 7 6435
3 1 1902
5 8 2009
9 9
1811 9955 3034 1417 9544 3662 8548 8548 9275
9 2 4530
6 7 8778
6 5 479
1 2 1074
2 5 3476
5 1 2174
7 4 4371
7 6 9600
9 6 2650
3 8
4800 4105 3196
2 1 7798
2 3 2331
1 2 4528
1 2 4696
1 3 6458
2 1 835
3 2 9813
2 1 3746
16 9
1004 4908 5522 7503 6648 5401 9355 8186 1888 5706 5310 3737 8012 9727 7009 3259
4 1 8638
5 10 4148
16 3 6561
15 4 8062
7 1 2803
3 2 8857
10 16 8305
1 15 6267
1 7 828
6 7
2203 4699 1696 7144 5148 1549
2 4 66
3 6 2839
4 5 6360
6 3 4368
5 2 8675
2 5 6006
5 6 607
8 7
4870 4379 7495 5299 5438 7755 2761 8666
7 8 2211
8 3 6969
5 7 1835
2 1 7855
6 4 7470
2 4 3336
1 2 9816
4 5
4622 1592 6145 7557
1 4 3551
3 2 8276
2 3 7621
2 3 5774
4 2 4068
8 16
5936 4869 5338 6832 1539 8823 7094 1334
7 6 6625
7 1 4095
2 5 4922
1 4 3237
5 3 6586
1 7 2042
6 1 3513
2 4 1949
4 2 9348
2 8 7044
5 1 3157
8 2 4404
8 1 1038
3 5 7805
6 7 7343
5 6 3666
4 3
3464 7656 4504 2590
3 4 9609
3 1 262
4 3 8430
3 3
242 3326 5636
2 3 1250
1 2 9101
2 1 9742
6 5
7622 5986 850 6431 9014 387
6 1 82
6 4 250
3 1 5319
2 5 2704
1 3 8650
5 8
6431 2524 2962 4944 2665
2 1 6906
4 2 186
3 2 3713
1 4 2941
1 2 9045
4 5 2781
2 3 5945
3 1 3668
3 4
5093 426 929
3 1 2640
1 3 5059
2 1 5516
1 2 6788
8 3
4063 6292 4848 969 4512 6858 3843 3106
8 7 6457
7 8 9110
3 4 3130
3 14
1225 3789 4369
1 2 3307
3 2 4532
2 1 664
2 1 5696
1 3 3310
3 2 9498
2 1 4002
2 3 7825
3 2 188
3 2 5483
2 1 3583
2 3 2096
1 3 9450
2 1 1036
4 3
1391 879 6267 3911
3 1 7375
4 1 3375
1 3 9749
3 3
615 6393 1830
1 2 6606
2 1 5445
2 1 4020
3 6
5348 3453 1254
1 3 4998
2 1 183
1 3 9915
2 1 8399
3 1 3339
3 2 6674
3 3
5134 2590 4705
2 1 7571
1 2 5332
3 2 1140
7 12
1104 5775 4247 2869 7076 8913 4514
5 6 4494
3 5 3223
7 3 1170
3 7 6414
4 7 722
1 5 472
2 4 9531
2 4 4465
4 2 8378
4 5 5527
5 3 7196
3 7 2270
18 6
3223 8739 9992 4720 6774 878 8346 6224 7825 8173 7696 4113 381 2872 7143 7696 2742 2514
6 18 4032
18 6 5915
15 2 3607
2 16 5293
11 15 2594
5 8 4858
4 3
1674 7255 449 8965
4 3 7104
3 4 9035
4 3 4048
8 8
2944 5995 2369 4734 5979 64 7080 6572
4 5 5544
7 3 359
5 2 7144
8 4 9739
7 3 1673
4 6 4748
6 8 3549
3 5 2101
4 3
2699 6501 2442 5711
1 4 7577
4 1 6223
4 3 1548
12 3
303 1472 6496 7633 1824 2991 4701 9582 9138 6078 86 8484
3 5 7123
8 1 8881
5 3 7292
3 3
5556 6021 7359
3 1 640
2 3 9717
3 2 8685
3 7
3018 6614 5201
1 2 399
1 3 1219
3 1 8049
1 2 6629
2 3 7223
3 1 6324
1 3 5958
9 15
6558 7374 2942 8380 98 6963 8068 3160 5511
7 1 657
1 9 9932
9 6 75
3 7 6926
6 8 4399
5 9 3286
4 8 6711
4 6 4634
8 4 5817
9 6 2330
8 3 8410
4 8 2131
6 5 6750
9 1 8879
2 4 150
17 5
1093 3054 7123 8924 3293 9908 5265 7271 4952 132 4870 3472 3029 5351 2193 8278 1352
17 8 8823
13 14 1985
8 5 9882
5 17 9217
2 1 2923
3 3
6148 1305 7187
2 3 9088
3 2 8690
3 2 2394
16 4
9032 2030 4654 1585 8183 8469 6801 6605 5848 9617 8198 9889 4331 527 6847 1831
6 7 6268
10 8 4127
14 15 2592
15 14 7277
3 15
755 1004 6416
2 3 1092
1 2 5036
1 2 9399
2 3 8723
1 3 7142
1 2 576
3 1 6271
3 2 4812
3 1 2199
1 2 6772
3 1 8685
2 1 4729
3 1 6481
2 3 3108
2 3 4500
3 6
6965 8620 1529
1 3 3724
1 3 3375
1 3 3560
3 1 9293
2 3 9284
3 2 8678
4 5
6267 3342 5854 8843
3 1 3233
3 2 9564
2 3 5886
2 3 1329
4 1 3683
8 3
7565 4525 2063 6378 76 5916 7842 6018
8 4 6347
8 7 7141
7 8 9365
3 4
1827 5055 1924
2 3 3033
1 2 1207
3 1 7532
1 3 4503
4 8
1741 1781 6053 3717
4 2 8184
3 4 9989
3 1 3209
1 2 6586
4 1 3416
2 4 3793
4 1 1896
2 3 8608
6 3
7528 2953 4094 8419 6580 6512
3 1 7223
2 4 1503
1 3 9781
3 3
4501 5824 2817
1 2 8176
3 1 5368
2 3 6863
4 5
5376 3020 7071 906
3 4 319
1 3 6959
3 2 3500
1 4 5569
3 1 8316
3 15
203 2707 1841
3 2 1731
2 3 2908
1 2 6659
1 3 239
2 3 9778
3 2 6207
2 3 1129
1 2 4555
1 2 5000
2 1 8335
2 1 3919
2 1 5787
3 1 749
1 2 6727
3 1 7088
15 6
1133 1403 3503 5830 9182 5618 2802 7532 8420 8103 6810 8951 4994 5834 2771
4 1 514
8 11 9784
11 8 9528
14 13 3037
10 8 995
8 10 4049
10 3
703 3973 7855 8280 4385 3169 5653 5965 3096 1122
7 6 9458
6 8 2529
6 7 4434
4 4
5519 389 6482 4274
4 1 4353
1 3 5667
3 2 2966
3 4 6805
3 3
8813 6589 1778
3 2 3029
2 3 8454
2 3 940
8 3
3093 4478 8522 4695 4823 6998 5325 5528
1 7 6627
7 1 9320
2 4 2703
3 4
1556 1794 7536
2 3 2665
1 2 2340
1 2 8012
2 1 9137
6 5
2327 8099 7269 7801 9524 5892
6 1 6096
1 6 8171
5 4 3108
3 2 6084
6 2 1025
8 5
3750 7134 9012 5722 9148 7426 9871 5494
2 4 7314
3 4 2917
4 2 9810
4 6 1142
6 1 7186
3 3
5355 4885 3144
1 3 7629
3 2 503
3 1 7157
5 13
4926 5446 3086 2491 4127
2 3 9316
1 5 9800
4 5 9514
5 4 1396
4 3 2668
1 2 3117
5 1 6722
5 1 3532
5 2 1902
3 4 4265
5 4 7600
3 5 3872
3 2 1198
3 20
468 7377 64
2 3 7214
2 1 3590
1 2 9739
3 1 4537
1 2 1165
2 3 4040
1 2 422
3 2 1320
3 1 5718
2 1 5927
1 3 2622
1 3 3899
3 1 1339
3 2 6809
2 1 2114
1 3 1727
2 3 2756
3 1 4848
1 3 1361
1 3 3725
3 3
8464 5348 466
3 2 2650
3 2 4903
2 3 8251
3 13
3553 2459 2670
1 3 3995
3 2 6432
3 2 1706
1 3 9782
1 2 147
3 1 3096
1 3 749
1 3 1629
2 1 9628
2 3 8042
3 2 7645
2 1 84
3 1 407
3 14
3393 3077 3842
1 3 4636
3 2 6332
2 1 9971
3 1 1493
1 2 2149
2 3 4537
1 3 1847
3 2 1070
2 3 8280
1 3 4736
3 1 8205
3 1 843
3 2 9103
1 2 5645
15 4
3407 6829 6492 2793 6455 6828 841 7579 696 4975 9995 4374 5420 94 6129
12 15 9346
10 7 4371
15 12 7100
12 4 733
3 6
6129 2597 5528
2 1 9786
3 2 6756
3 1 2569
2 3 1583
1 2 7371
1 3 3127
3 11
135 3420 5984
1 3 146
3 1 8969
1 3 5950
2 1 1590
1 3 330
3 1 1911
1 2 5347
1 2 2912
3 1 5072
3 1 1868
2 3 8698
3 16
2431 6609 905
3 2 6592
2 3 9981
1 3 3620
1 3 909
3 2 8790
1 3 2142
2 3 5347
3 2 4879
3 1 9610
2 1 1198
2 3 8094
2 1 1299
1 3 1006
2 3 8810
3 2 7800
3 2 2999
4 4
5642 5479 7285 903
4 2 8645
2 4 5633
2 1 768
2 4 2458
4 8
7618 4836 3193 2527
4 1 2397
3 2 153
3 2 2174
3 2 8948
4 3 93
2 4 8343
2 3 7434
4 3 8294
3 4
1113 2348 2061
2 1 6662
2 1 1779
2 1 2082
1 2 8954
11 6
8234 4077 720 392 2769 6550 3722 6930 2722 1299 3142
6 9 2782
10 4 6839
1 6 2664
1 2 4704
4 10 5493
6 10 1154
3 18
521 6545 1394
1 3 5456
2 1 8419
2 3 2269
2 3 2232
3 2 2950
1 2 2598
2 1 3557
2 1 1671
2 1 3238
3 1 4301
3 2 7981
3 2 4361
2 3 1607
3 1 5610
1 3 9590
3 2 2112
1 2 2001
1 3 5039
6 8
3222 1827 3905 1281 5949 5417
4 5 463
1 6 7665
3 1 9439
6 2 9965
2 3 5550
2 4 2487
4 3 1766
5 3 3284
3 4
1757 4614 5850
2 3 9341
3 2 9068
3 2 9923
2 3 6377
3 4
4179 9240 6946
2 3 265
3 1 3280
1 3 9144
3 1 7940
3 6
3842 3141 2227
1 3 560
2 3 9981
3 1 6320
1 2 7196
1 2 2226
3 2 761
10 4
8698 8541 6272 201 194 6660 5730 4114 9025 3011
6 5 7384
2 3 2173
5 6 5822
2 7 1691
5 4
886 4392 1418 7147 1370
1 5 9011
4 3 3735
5 1 9994
4 3 1823
16 4
266 8548 1409 6517 7351 5434 6188 8245 800 9665 4044 2334 6347 2560 8519 3705
13 5 5012
16 1 6920
2 15 475
1 16 3823
3 6
4235 6201 1031
1 2 8269
1 2 7046
3 1 5968
2 3 8760
2 3 8250
3 1 6457
9 8
9499 9642 6981 2251 6166 6275 2855 6653 3606
2 3 6667
4 5 3010
8 7 5893
9 6 4933
6 9 8726
3 4 2693
2 1 2331
5 4 356
3 5
8496 436 441
2 3 8756
1 2 9110
2 3 575
3 1 8442
1 3 3032
10 4
4589 9430 6676 383 27 7795 1121 1539 6670 9454
5 8 5632
8 5 6375
2 4 7526
1 4 2900
3 9
1572 2985 1051
2 1 8719
2 3 5378
2 1 358
3 2 3954
1 2 6800
3 2 1509
1 2 4231
3 1 2532
2 3 2290
4 5
5609 6923 2424 4458
3 4 5582
2 4 2885
4 3 1156
4 3 9965
2 1 3953
4 5
6990 2424 2507 1454
3 2 9263
1 3 4545
2 3 8002
4 3 1772
3 4 3544
4 10
1292 2767 3321 8331
4 3 340
2 1 1957
2 1 5356
1 2 407
1 2 8762
1 2 2847
2 1 5855
4 1 4265
1 3 408
1 3 5203
16 5
930 3511 9016 8284 8587 7529 4342 4387 722 1053 6559 9197 7452 2846 9729 4306
13 1 5558
10 2 1900
11 4 6530
2 10 4151
1 12 338
3 4
3190 7393 5308
2 1 7877
1 2 4039
3 1 9082
1 3 6288
7 4
4258 4403 5098 1380 7062 7646 2510
6 1 6037
3 5 8048
5 4 8666
4 3 8004
14 3
4626 8754 7581 2962 3949 1675 9245 9849 2976 9132 2338 6165 7865 832
12 14 8704
10 11 8287
14 12 7975
7 3
1695 5714 1167 4446 3026 8049 1756
3 1 9212
1 3 8747
2 3 2593
3 6
1639 4071 6005
3 2 4777
3 1 6698
1 3 7476
3 1 7683
2 3 4768
1 3 1164
5 5
5250 1448 2002 5778 2248
3 5 4331
4 5 3280
1 3 7852
3 1 3343
5 3 7296
4 12
5243 1823 4638 3881
1 4 270
2 3 3781
2 1 7003
1 3 6618
3 2 9393
2 1 6552
4 3 3168
4 2 9477
1 4 5704
4 3 3279
3 4 3854
2 4 2282
3 3
8408 7349 520
2 1 3184
2 3 7439
3 2 3869
3 6
5526 1444 3590
3 1 3313
2 3 5547
3 2 6602
2 3 3439
1 2 1092
1 3 477
3 8
7511 640 861
1 2 4117
3 2 3491
3 2 6794
2 3 6306
2 1 6329
3 2 7653
1 3 9390
2 3 4297
6 8
1571 4089 619 7367 6896 9162
6 3 3119
4 2 8411
6 4 893
6 1 5336
2 4 9697
1 5 3169
4 2 8600
5 6 5171
7 6
6446 8043 3831 2887 1571 5550 5454
4 5 2368
6 5 7002
2 7 1181
1 4 6215
2 4 2216
5 6 6361
4 5
311 829 5111 8935
1 3 7229
2 1 6666
4 1 6841
3 4 7715
4 2 9706
6 3
3198 697 8353 433 760 5294
6 4 1500
3 1 8691
1 3 9333
3 4
4498 2165 7058
1 2 8213
2 1 8691
3 2 887
3 1 1243
3 3
1241 6039 9249
2 3 5106
1 2 8366
2 1 7872
4 4
8491 2252 8098 4718
4 1 6392
4 3 2806
4 2 2677
1 4 9416
6 8
2051 9360 9255 3173 6084 5051
1 4 7380
3 1 7172
5 3 9777
4 1 7145
3 6 9671
6 1 1057
6 5 9880
1 3 3034
3 12
1721 4914 2238
3 1 9212
2 1 6095
2 1 7508
3 2 7776
3 1 3540
1 2 9600
1 3 5985
2 3 8176
3 1 8987
1 3 7416
1 3 8133
3 1 1690
4 7
3355 2789 2490 2715
4 2 1846
4 2 9769
3 2 2686
2 4 3533
4 3 641
2 4 5473
2 4 2967
3 4
5741 115 4441
2 1 1124
2 1 7882
1 2 6041
1 2 8492
6 5
2402 5251 3613 3007 1454 7233
2 6 6092
3 4 6469
2 3 2409
6 3 9035
4 2 4930
10 3
2834 7413 301 886 9268 7067 2540 4644 9954 1340
3 5 6898
3 6 2282
6 3 9076
6 3
3669 4672 6428 2263 462 9418
1 2 5006
2 1 8610
2 6 518
7 6
4898 1887 9727 8909 2876 9149 4028
6 7 9895
2 3 1582
7 6 9075
3 1 3087
5 2 3006
1 5 7738
15 5
6906 1539 9596 71 1868 5598 8907 2877 7681 4865 5907 8210 8200 4071 4161
4 14 6267
13 1 8030
14 11 2340
14 4 6382
5 14 56
4 3
3186 5654 486 7662
3 4 7513
4 3 5790
4 3 7803
3 4
5823 8694 4039
1 3 9119
3 2 6275
3 1 1850
3 1 4749
6 4
4030 5111 2264 826 4216 261
6 5 6820
2 4 3611
5 3 7324
3 6 7057
7 3
9433 4388 2306 7243 2912 8742 976
4 6 8594
1 3 807
6 4 9993
4 4
3790 5320 6099 4670
1 2 3850
4 2 1935
1 4 8567
2 1 9060
4 3
2456 8389 4468 8940
3 1 6454
1 3 7597
2 4 7916
10 10
2345 9210 3775 950 7534 6649 840 9713 605 3477
2 10 6949
4 5 17
3 4 9505
8 9 4436
3 9 646
9 1 259
6 3 8400
3 6 126
4 6 5350
4 9 3120
3 4
1500 3259 5324
2 3 8764
2 1 1785
3 2 8550
3 1 761
3 19
2708 4197 2465
1 2 822
2 3 1009
3 2 9615
2 1 4747
3 2 5542
3 2 7301
3 1 3348
1 3 4257
3 2 3745
3 1 4469
3 1 6039
2 3 8157
3 1 2359
1 2 7015
1 3 6803
1 3 7154
2 3 8730
2 3 5839
2 1 6265
3 8
347 2251 8816
3 2 6844
2 3 9860
3 2 69
3 1 8626
2 3 9514
1 2 5087
1 3 1602
3 2 8586
8 8
6352 5768 5848 3522 7273 9439 1764 4567
1 4 7185
7 3 2688
8 3 988
4 7 2503
8 3 8103
6 8 7381
4 1 6548
8 2 85
3 5
1619 6035 2932
3 2 5545
3 1 4605
2 3 7238
2 1 2290
2 1 2009
3 5
250 7511 2158
2 3 8035
3 2 7642
3 1 4123
1 3 2052
2 1 6821
12 3
1657 8372 1430 1299 3168 6768 5239 2190 4303 1006 3691 4844
7 10 6546
10 7 4967
6 4 586
3 5
2408 6165 9373
2 3 2114
2 1 8514
1 2 7283
3 1 3525
3 2 1725
8 10
8655 6074 7601 5271 2210 387 6246 5528
2 5 1486
8 6 9460
6 3 7475
2 8 2931
6 8 4168
4 5 4509
3 6 1868
3 7 8055
5 4 2552
4 5 2846
3 8
3806 1409 3785
3 2 544
1 3 728
3 2 8729
3 2 4794
1 3 4092
2 1 6886
2 3 6868
3 2 383
8 8
4759 7751 6985 1656 2545 2767 8721 7748
8 2 2627
4 6 7047
1 3 3235
6 8 7415
5 2 38
2 1 1019
4 8 2178
8 4 9101
3 12
3946 243 7364
2 1 4428
2 3 3273
3 2 9758
2 1 3756
1 2 464
2 1 4009
3 1 9562
2 3 1722
2 3 4831
1 2 7715
1 3 9244
1 2 6241
17 11
6028 3416 4783 7687 9430 1549 2658 2937 4146 617 7442 8409 174 9178 5434 4301 4234
15 3 3334
11 15 5808
4 5 4142
1 6 9388
6 1 3868
15 13 2463
5 10 2364
7 9 2991
9 7 3415
13 14 943
14 9 3454
4 12
1013 5190 3044 3350
4 2 3809
3 1 2109
3 4 184
3 2 7319
2 4 2437
2 1 6870
1 4 7353
2 1 1483
1 4 6518
2 3 227
4 3 7948
4 1 7207
9 13
7625 1204 3693 2555 9719 105 2507 7497 4945
7 9 2380
2 8 3566
1 4 1167
8 2 7741
1 6 6503
9 1 3768
9 4 577
1 3 4203
2 6 253
6 1 5635
4 7 5355
2 1 581
3 4 4253
13 7
9178 1152 5275 6846 2284 7772 1484 4612 9308 6600 9550 6771 8509
7 5 2642
6 10 2863
13 1 8418
11 13 6429
6 12 1761
5 7 2410
6 8 1330
4 7
784 3807 7305 6374
1 3 1446
1 3 1002
3 2 8077
2 1 8237
2 3 594
3 1 2738
1 3 8064
5 6
2592 5771 4553 5245 459
5 1 6820
1 2 4523
4 5 6788
1 4 4869
3 1 384
3 5 2119
6 4
4067 3088 9842 2634 8129 7208
1 2 6453
2 1 5285
5 1 1800
4 6 1368
3 4
975 1690 8466
3 1 9222
1 3 2383
1 2 6355
2 1 5325
3 11
3172 2146 1267
3 2 1091
3 1 5759
3 1 8463
1 3 2852
3 2 1315
2 3 8559
2 1 3090
1 3 4766
1 2 8278
3 1 8829
1 3 8741
7 8
5197 7434 7527 6546 2444 8989 4951
1 5 1972
6 4 9263
4 6 6649
3 1 1151
2 5 3616
4 1 8711
6 7 23
1 2 9756
8 7
8052 8510 6417 62 3656 1978 2391 7724
7 5 4495
5 4 8376
8 7 7496
2 3 3249
1 2 9071
4 5 336
7 1 1171
0 0
